        MR         R2
 4.719E+02  1.185E-01
 6.323E+02  4.050E-02
 6.639E+02  3.042E-02
 5.593E+02  4.261E-02
 3.960E+02  1.454E-02
 5.218E+02  2.193E-02
 3.636E+02  6.127E-02
 6.614E+02  7.708E-02
 2.942E+02  2.806E-01
 7.198E+02  2.086E-02
 6.352E+02  3.019E-02
 7.515E+02  1.551E-02
 3.669E+02  5.945E-03
 3.759E+02  4.040E-02
 1.999E+03  1.248E-02
 5.422E+02  4.749E-02
 1.437E+03  1.374E-02
 7.155E+02  8.319E-03
 8.079E+02  4.768E-02
 7.657E+02  2.092E-02
 3.697E+02  2.543E-01
 2.136E+03  2.638E-04
 4.429E+02  3.423E-01
 1.573E+03  1.042E-02
 6.218E+02  3.157E-03
 6.055E+02  3.011E-02
 2.397E+02  6.757E-01
 5.325E+02  2.692E-02
 4.952E+02  9.661E-02
 5.417E+02  2.356E-02
 5.622E+02  1.147E-02
 3.988E+02  2.653E-01
 5.224E+02  3.295E-02
 1.078E+03  7.571E-03
 8.181E+02  8.809E-02
 5.913E+02  2.103E-01
 5.711E+02  2.000E-02
 5.409E+02  1.804E-01
 5.007E+02  1.115E-01
 5.470E+02  4.536E-02
 6.930E+02  8.337E-03
 6.967E+02  7.105E-02
 9.177E+02  9.583E-04
 4.618E+02  4.934E-02
 4.922E+02  2.390E-02
 1.048E+03  1.334E-02
 8.997E+02  8.223E-03
 4.265E+02  1.042E-01
 4.355E+02  6.910E-02
 5.488E+02  2.279E-02
 2.931E+02  5.783E-01
 9.713E+02  6.100E-03
 3.605E+02  9.477E-02
 5.420E+02  8.958E-03
 8.784E+02  3.788E-02
 4.314E+02  2.746E-02
 4.721E+02  2.931E-03
 5.104E+02  1.326E-02
 8.633E+02  1.295E-02
 5.977E+02  9.682E-03
 7.672E+02  8.324E-02
 1.267E+03  1.877E-02
 5.347E+02  7.056E-02
 9.939E+02  1.481E-02
 3.746E+02  4.517E-01
 3.747E+02  2.061E-02
 4.199E+02  3.949E-02
 6.788E+02  2.240E-02
 9.252E+02  1.780E-02
 6.829E+02  2.081E-01
 4.106E+02  5.135E-02
 3.830E+02  1.928E-02
 4.447E+02  2.067E-01
 5.524E+02  2.109E-02
 5.491E+02  8.084E-02
 6.459E+02  1.235E-02
 4.981E+02  1.245E-01
 8.263E+02  9.804E-03
 3.270E+02  1.600E-01
 4.478E+02  6.790E-02
 6.006E+02  5.085E-02
 7.310E+02  5.241E-02
 6.871E+02  1.901E-02
 3.755E+02  2.395E-02
 5.420E+02  7.669E-02
 4.912E+02  4.338E-02
 6.008E+02  4.939E-02
 6.011E+02  4.928E-02
 6.732E+02  3.424E-02
 5.140E+02  2.449E-02
 4.351E+02  1.389E-02
 3.148E+02  3.101E-03
 5.018E+02  5.956E-02
 5.577E+02  2.351E-01
 4.494E+02  3.418E-02
 5.990E+02  3.150E-02
 8.836E+02  2.719E-02
 3.947E+02  4.345E-02
 7.552E+02  6.486E-02
 7.174E+02  2.279E-02
 4.699E+02  7.214E-02
 4.761E+02  1.250E-01
 5.655E+02  4.663E-02
 9.790E+02  2.334E-01
 1.021E+03  5.288E-02
 4.577E+02  1.065E-01
 6.368E+02  3.558E-02
 7.466E+02  6.976E-03
 5.414E+02  3.824E-02
 6.747E+02  2.317E-02
 5.168E+02  4.696E-02
 8.975E+02  5.804E-03
 6.911E+02  1.346E-01
 6.736E+02  5.655E-03
 7.519E+02  2.080E-02
 4.256E+02  2.251E-02
 8.689E+02  4.119E-02
 4.129E+02  2.344E-02
 5.928E+02  3.025E-02
 1.281E+03  2.535E-02
 1.712E+03  1.661E-02
 6.126E+02  3.892E-02
 5.413E+02  2.427E-02
 4.436E+02  8.584E-02
 6.119E+02  1.463E-02
 3.961E+02  2.915E-02
 4.626E+02  2.003E-01
 9.252E+02  1.127E-02
 1.335E+03  1.370E-02
 1.059E+03  8.490E-03
 6.177E+02  2.833E-02
 6.272E+02  4.938E-02
 4.636E+02  5.009E-02
 3.629E+02  4.132E-01
 6.097E+02  1.265E-02
 5.606E+02  4.822E-02
 1.309E+03  5.347E-02
 6.813E+02  4.000E-02
 5.080E+02  1.356E-01
 5.558E+02  2.418E-02
 1.060E+03  8.435E-02
 4.408E+02  5.019E-02
 8.102E+02  1.773E-02
 4.269E+02  7.793E-02
 6.870E+02  7.511E-02
 6.361E+02  3.981E-02
 9.650E+02  3.715E-02
 4.798E+02  6.146E-02
 1.452E+03  2.200E-02
 7.005E+02  6.977E-02
 3.995E+02  1.691E-02
 4.520E+02  3.322E-01
 7.379E+02  2.107E-02
 4.865E+02  3.584E-02
 4.726E+02  8.935E-02
 4.178E+02  4.354E-02
 2.506E+02  3.149E-02
 1.162E+03  4.740E-02
 7.454E+02  7.598E-03
 7.548E+02  5.474E-02
 5.938E+02  3.909E-03
 8.603E+02  2.109E-02
 9.787E+02  5.292E-03
 6.036E+02  2.238E-02
 6.848E+02  8.874E-02
 1.202E+03  4.770E-02
 1.182E+03  9.663E-02
 1.323E+03  3.040E-03
 6.026E+02  9.401E-03
 4.353E+02  4.283E-02
 6.825E+02  1.942E-02
 9.227E+02  1.720E-02
 7.458E+02  4.927E-02
 5.269E+02  2.295E-02
 8.036E+02  2.088E-02
 8.119E+02  8.554E-02
 8.197E+02  1.792E-02
 5.680E+02  3.817E-02
 6.276E+02  4.448E-02
 3.863E+02  5.641E-02
 5.370E+02  5.826E-02
 4.418E+02  3.041E-02
 5.857E+02  4.585E-02
 1.090E+03  6.590E-03
 3.951E+02  1.335E-01
 4.608E+02  1.654E-01
 1.482E+03  1.720E-03
 4.373E+02  2.325E-01
 7.302E+02  4.616E-02
 8.614E+02  2.083E-02
 8.410E+02  2.164E-02
 6.099E+02  2.204E-02
 5.776E+02  4.150E-02
 6.120E+02  1.208E-02
 3.717E+02  1.607E-01
 1.002E+03  1.125E-02
 5.560E+02  3.752E-02
 1.919E+03  6.108E-03
 5.065E+02  2.714E-02
 5.215E+02  8.221E-02
 6.111E+02  1.122E-01
 4.544E+02  4.961E-02
 8.164E+02  2.284E-02
 6.264E+02  3.240E-02
 4.044E+02  5.736E-03
 5.547E+02  2.350E-02
 1.511E+03  3.825E-03
 4.269E+02  3.730E-02
 5.332E+02  6.113E-02
 8.038E+02  1.266E-02
 5.197E+02  3.891E-01
 8.475E+02  2.825E-02
 4.969E+02  6.375E-02
 2.879E+02  5.146E-01
 4.982E+02  1.382E-01
 7.251E+02  2.010E-02
 5.993E+02  2.898E-02
 6.562E+02  1.051E-02
 7.044E+02  4.039E-02
 3.311E+02  3.295E-01
 1.865E+03  7.134E-04
 9.187E+02  3.337E-02
 1.008E+03  4.241E-02
 1.374E+03  1.077E-02
 6.854E+02  5.292E-03
 6.642E+02  2.905E-02
 6.226E+02  1.429E-03
 5.648E+02  2.087E-02
 1.875E+03  2.132E-03
 1.269E+03  5.668E-03
 9.219E+02  1.158E-02
 6.136E+02  2.480E-02
 4.221E+02  1.224E-01
 5.779E+02  8.259E-03
 8.603E+02  5.797E-03
 3.164E+02  7.701E-02
 6.857E+02  1.366E-02
 4.397E+02  4.429E-02
 5.876E+02  1.287E-02
 6.494E+02  3.913E-02
 8.474E+02  1.040E-01
 1.174E+03  3.726E-03
 6.061E+02  2.710E-02
 6.480E+02  3.673E-02
 7.136E+02  1.089E-02
 4.505E+02  1.071E-01
 4.746E+02  2.847E-01
 7.362E+02  2.106E-02
 6.827E+02  8.118E-02
 1.424E+03  2.705E-02
 8.461E+02  2.402E-02
 9.637E+02  3.430E-02
 5.038E+02  3.548E-02
 4.162E+02  4.117E-02
 2.431E+03  3.783E-03
 7.597E+02  5.715E-03
 5.024E+02  3.616E-02
 7.655E+02  5.007E-02
 4.356E+02  3.727E-02
 6.888E+02  5.652E-03
 9.402E+02  1.626E-02
 5.205E+02  2.176E-02
 5.898E+02  2.680E-02
 6.405E+02  3.887E-02
 4.970E+02  8.761E-02
 4.629E+02  4.674E-02
 8.240E+02  1.030E-01
 6.751E+02  6.124E-02
 7.315E+02  5.489E-02
 1.047E+03  4.664E-02
 5.109E+02  1.538E-02
 6.970E+02  6.256E-02
 4.192E+02  1.939E-01
 9.710E+02  2.327E-02
 1.295E+03  1.588E-02
 5.599E+02  1.366E-02
 1.191E+03  1.419E-01
 8.413E+02  1.398E-02
 4.561E+02  1.603E-01
 8.332E+02  2.888E-02
 7.303E+02  3.113E-02
 4.038E+02  2.990E-02
 4.516E+02  3.230E-01
 5.996E+02  8.372E-02
 5.123E+02  2.506E-02
 5.948E+02  1.200E-01
 6.177E+02  8.260E-02
 1.045E+03  2.620E-02
 5.560E+02  5.696E-02
 6.137E+02  1.598E-01
 5.848E+02  1.282E-01
 7.453E+02  4.282E-02
 4.686E+02  1.300E-01
 8.901E+02  5.501E-03
 6.684E+02  4.957E-02
 8.969E+02  1.406E-02
 4.460E+02  2.593E-02
 9.880E+02  9.726E-03
 5.226E+02  4.892E-02
 4.811E+02  7.084E-02
 8.524E+02  1.210E-02
 1.211E+03  6.499E-03
 5.371E+02  3.947E-02
 4.279E+02  9.926E-02
 6.362E+02  2.910E-02
 9.835E+02  1.261E-02
 6.509E+02  3.306E-02
 3.004E+02  3.289E-01
 3.839E+02  6.639E-02
 3.913E+02  1.631E-01
 8.787E+02  3.115E-02
 9.499E+02  8.530E-02
 7.590E+02  4.696E-03
 5.140E+02  2.374E-02
 6.278E+02  2.390E-02
 4.525E+02  3.069E-02
 3.909E+02  1.506E-01
 8.845E+02  2.350E-02
 3.688E+02  1.004E-01
 6.959E+02  1.697E-02
 5.728E+02  4.113E-02
 7.649E+02  1.823E-02
 5.358E+02  9.921E-03
 8.650E+02  2.015E-01
 7.498E+02  2.049E-02
 6.521E+02  6.416E-03
 4.419E+02  9.013E-02
 9.526E+02  1.472E-02
 6.676E+02  3.287E-02
 8.036E+02  1.155E-02
 7.355E+02  5.339E-02
 4.105E+02  1.940E-02
 5.373E+02  9.777E-02
 8.088E+02  5.250E-02
 4.109E+02  1.506E-01
 5.620E+02  2.200E-02
 6.310E+02  3.003E-02
 5.823E+02  4.284E-02
 7.153E+02  4.447E-02
 7.003E+02  1.154E-01
 7.468E+02  2.185E-02
 1.156E+03  1.482E-02
 5.042E+02  3.692E-02
 4.497E+02  1.444E-02
 9.969E+02  2.906E-02
 4.461E+02  2.528E-02
 4.188E+02  3.698E-02
 7.070E+02  8.800E-02
 7.394E+02  4.620E-02
 8.514E+02  4.986E-02
 3.840E+02  1.446E-02
 7.420E+02  5.420E-02
 7.343E+02  3.065E-02
 7.123E+02  6.447E-02
 6.164E+02  3.539E-02
 1.187E+03  2.017E-02
 2.111E+03  1.242E-02
 7.993E+02  1.810E-01
 2.548E+02  2.369E-02
 1.241E+03  2.003E-02
 6.329E+02  2.050E-02
 8.463E+02  2.721E-02
 8.611E+02  6.138E-03
 4.103E+02  1.097E-01
 5.737E+02  9.230E-02
 1.718E+03  3.180E-03
 5.099E+02  1.379E-01
 3.205E+02  4.362E-02
 4.009E+02  7.356E-02
 5.410E+02  2.224E-02
 2.206E+02  8.165E-01
 1.236E+03  4.183E-02
 8.311E+02  1.946E-02
 3.366E+02  2.234E-01
 1.465E+03  3.931E-03
 1.302E+03  1.488E-03
 7.229E+02  1.035E-02
 8.765E+02  5.835E-02
 5.721E+02  1.127E-01
 4.932E+02  3.760E-03
 5.474E+02  3.248E-02
 3.560E+02  2.957E-01
 6.707E+02  6.181E-03
 4.106E+02  5.023E-02
 6.258E+02  3.736E-02
 7.474E+02  1.571E-02
 4.518E+02  2.853E-02
 4.917E+02  3.327E-02
 7.369E+02  3.858E-02
 7.803E+02  4.937E-02
 6.760E+02  4.882E-02
 9.065E+02  2.273E-02
 6.348E+02  3.646E-02
 1.539E+03  8.645E-03
 3.384E+02  6.130E-01
 4.821E+02  1.174E-01
 5.636E+02  3.697E-02
 4.272E+02  4.445E-02
 8.544E+02  2.754E-02
 6.643E+02  1.706E-02
 6.037E+02  8.129E-02
 5.769E+02  8.847E-02
 5.257E+02  5.646E-02
 5.589E+02  1.125E-01
 9.622E+02  1.441E-01
 8.931E+02  2.979E-02
 4.031E+02  1.202E-01
 6.778E+02  4.401E-02
 6.067E+02  2.295E-02
 4.982E+02  3.698E-02
 5.360E+02  2.038E-02
 2.904E+02  1.242E-01
 5.950E+02  1.731E-02
 7.766E+02  1.296E-02
 5.801E+02  5.183E-02
 1.028E+03  5.787E-03
 4.964E+02  2.174E-02
 4.722E+02  2.102E-02
 6.579E+02  6.636E-02
 6.949E+02  1.861E-02
 5.005E+02  2.144E-02
 5.811E+02  4.593E-02
 1.508E+03  4.547E-03
 4.766E+02  1.909E-02
 1.036E+03  2.570E-03
 7.191E+02  3.034E-02
 4.419E+02  2.045E-01
 4.783E+02  1.376E-01
 6.112E+02  3.600E-02
 3.664E+02  1.549E-02
 4.402E+02  6.243E-02
 1.517E+03  1.776E-02
 3.451E+02  5.010E-02
 8.795E+02  9.970E-03
 7.590E+02  8.554E-02
 9.901E+02  8.711E-03
 8.449E+02  2.568E-02
 1.102E+03  1.848E-01
 8.588E+02  1.081E-02
 7.702E+02  6.361E-02
 6.382E+02  1.413E-01
 6.463E+02  4.129E-03
 5.695E+02  5.649E-02
 7.957E+02  4.576E-02
 5.710E+02  2.752E-02
 9.228E+02  1.224E-01
 5.187E+02  2.550E-02
 1.410E+03  1.554E-02
 4.925E+02  5.429E-02
 5.503E+02  4.473E-02
 8.638E+02  1.772E-02
 6.647E+02  1.974E-02
 1.053E+03  1.519E-02
 7.140E+02  6.175E-02
 4.595E+02  2.878E-02
 4.972E+02  7.561E-02
 5.087E+02  5.948E-02
 6.673E+02  2.804E-02
 6.322E+02  3.465E-02
 5.694E+02  5.838E-02
 4.698E+02  1.207E-01
 7.475E+02  1.393E-02
 3.851E+02  1.008E-01
 4.702E+02  1.891E-02
 5.509E+02  1.317E-02
 7.902E+02  6.836E-02
 4.646E+02  2.362E-02
 7.655E+02  2.698E-02
 3.986E+02  1.750E-02
 5.693E+02  5.804E-02
 4.856E+02  3.585E-02
 1.116E+03  1.248E-01
 1.372E+03  4.620E-02
 1.173E+03  4.036E-02
 5.083E+02  6.361E-02
 5.205E+02  2.016E-02
 7.460E+02  5.617E-02
 8.536E+02  3.112E-02
 5.379E+02  1.423E-01
 5.218E+02  8.035E-03
 8.451E+02  1.327E-02
 1.142E+03  5.481E-03
 4.139E+02  1.299E-02
 6.407E+02  2.803E-02
 4.668E+02  6.171E-03
 6.543E+02  3.327E-01
 4.853E+02  3.549E-02
 3.450E+02  7.405E-02
 8.918E+02  4.891E-02
 1.122E+03  5.071E-02
 9.446E+02  3.561E-02
 6.968E+02  2.641E-02
 7.707E+02  3.754E-02
 5.125E+02  1.286E-01
 2.715E+02  5.517E-01
 6.537E+02  4.564E-02
 5.849E+02  1.460E-01
 5.700E+02  4.093E-03
 8.947E+02  3.508E-03
 9.086E+02  1.808E-02
 7.517E+02  7.424E-02
 4.286E+02  1.092E-01
 5.021E+02  2.487E-01
 4.094E+02  3.410E-02
 9.331E+02  1.914E-02
 7.161E+02  2.339E-02
 6.588E+02  3.595E-02
 5.514E+02  5.363E-02
 7.533E+02  2.228E-02
 1.528E+03  1.188E-02
 4.930E+02  3.782E-02
 1.156E+03  6.508E-03
 8.416E+02  4.020E-03
 4.320E+02  2.975E-02
 4.232E+02  2.704E-02
 1.603E+03  4.674E-03
 5.923E+02  4.666E-03
 4.303E+02  1.471E-02
 3.088E+02  2.409E-01
 6.817E+02  6.819E-01
 4.035E+02  6.428E-02
 7.704E+02  1.646E-02
 5.504E+02  5.366E-02
 5.815E+02  1.750E-02
 5.910E+02  2.220E-02
 4.512E+02  4.374E-02
 5.299E+02  2.617E-02
 5.602E+02  3.557E-02
 1.130E+03  7.791E-04
 3.164E+02  2.959E-01
 8.262E+02  3.636E-02
 4.708E+02  1.859E-02
 4.994E+02  1.349E-02
 9.541E+02  1.369E-02
 6.938E+02  1.059E-02
 9.858E+02  1.653E-02
 7.755E+02  2.126E-02
 6.921E+02  6.476E-03
 4.107E+02  9.680E-02
 6.294E+02  2.289E-02
 3.800E+02  1.975E-01
 6.890E+02  1.068E-02
 6.015E+02  3.140E-02
 4.688E+02  3.457E-02
 4.888E+02  6.410E-03
 5.047E+02  1.070E-01
 8.066E+02  5.289E-02
 5.777E+02  3.148E-02
 7.100E+02  3.703E-02
 8.760E+02  1.363E-02
 3.440E+03  4.176E-04
 3.517E+03  5.758E-03
 5.386E+02  1.785E-02
 5.205E+02  2.417E-02
 7.696E+02  1.977E-02
 8.271E+02  1.760E-02
 4.464E+02  3.160E-02
 3.019E+02  1.475E-01
 3.314E+02  3.455E-01
 3.890E+02  2.528E-02
 5.841E+02  2.905E-02
 5.971E+02  3.787E-02
 5.496E+02  3.311E-02
 7.066E+02  3.915E-02
 5.885E+02  1.699E-02
 6.068E+02  4.270E-02
 3.881E+02  1.245E-02
 4.915E+02  1.187E-02
 3.244E+02  3.190E-01
 5.257E+02  3.762E-02
 6.433E+02  2.461E-02
 5.735E+02  8.893E-03
 5.435E+02  2.872E-02
 8.834E+02  2.767E-02
 1.231E+03  5.155E-02
 5.760E+02  2.619E-02
 4.350E+02  1.788E-01
 7.615E+02  2.856E-02
 8.621E+02  5.162E-03
 4.446E+02  3.999E-01
 6.212E+02  9.862E-03
 2.727E+02  3.780E-01
 4.937E+02  3.577E-02
 7.062E+02  2.979E-02
 9.831E+02  6.443E-02
 4.353E+02  1.906E-01
 6.768E+02  9.560E-02
 8.048E+02  1.159E-02
 6.007E+02  1.115E-02
 5.855E+02  4.084E-02
 3.236E+03  7.780E-04
 2.844E+02  1.575E-01
 8.335E+02  1.928E-02
 5.638E+02  1.572E-02
 2.927E+02  5.272E-01
 7.249E+02  8.679E-02
 8.296E+02  2.743E-02
 6.601E+02  7.357E-02
 4.758E+02  3.052E-02
 3.402E+02  2.464E-02
 1.750E+03  5.928E-03
 3.176E+02  4.702E-01
 7.729E+02  9.204E-02
 5.088E+02  5.139E-02
 5.975E+02  8.619E-02
 5.720E+02  8.207E-02
 5.288E+02  3.749E-02
 7.128E+02  7.561E-03
 1.080E+03  5.413E-03
 1.263E+03  8.788E-03
 5.713E+02  8.635E-02
 6.944E+02  4.195E-02
 1.531E+03  1.257E-02
 6.018E+02  1.376E-02
 6.882E+02  5.499E-02
 5.223E+02  1.028E-02
 4.002E+02  5.546E-02
 4.571E+02  3.171E-02
 6.812E+02  2.200E-02
 4.427E+02  1.800E-01
 4.766E+02  3.952E-02
 6.714E+02  8.652E-03
 9.597E+02  1.134E-01
 8.168E+02  6.231E-02
 4.990E+02  1.868E-02
 1.082E+03  5.405E-02
 5.251E+02  8.271E-02
 6.428E+02  2.698E-02
 6.138E+02  2.723E-02
 4.948E+02  3.055E-02
 3.911E+02  2.663E-02
 3.796E+02  5.983E-02
 6.654E+02  4.429E-02
 8.936E+02  5.067E-02
 3.029E+02  4.332E-01
 4.248E+02  4.768E-02
 5.628E+02  8.477E-02
 4.474E+02  3.733E-02
 8.134E+02  1.205E-02
 4.435E+02  2.926E-02
 2.503E+03  5.295E-02
 4.577E+02  2.399E-02
 4.731E+02  5.405E-02
 7.412E+02  5.754E-02
 5.197E+02  3.538E-02
 8.613E+02  1.563E-02
 4.688E+02  3.324E-03
 6.395E+02  1.869E-02
 8.603E+02  1.427E-02
 7.189E+02  4.895E-02
 5.116E+02  2.600E-02
 4.924E+02  5.924E-02
 4.461E+02  5.821E-02
 7.635E+02  2.468E-02
 5.915E+02  1.492E-01
 3.622E+02  2.466E-01
 9.760E+02  1.393E-02
 4.940E+02  1.603E-02
 1.006E+03  3.014E-03
 7.246E+02  2.923E-02
 7.668E+02  1.245E-02
 9.462E+02  9.878E-02
 9.050E+02  1.045E-02
 5.042E+02  3.801E-02
 9.861E+02  7.273E-03
 3.886E+02  5.882E-02
 5.981E+02  1.154E-02
 1.444E+03  2.132E-03
 3.015E+02  2.634E-02
 4.467E+02  4.206E-02
 4.910E+02  1.176E-02
 7.075E+02  4.240E-02
 4.342E+02  2.916E-02
 6.211E+02  3.540E-02
 1.172E+03  1.535E-02
 5.332E+02  7.832E-02
 1.511E+03  5.796E-02
 5.880E+02  9.912E-02
 9.869E+02  3.313E-02
 8.673E+02  2.178E-02
 6.974E+02  5.242E-02
 4.754E+02  1.891E-01
 5.084E+02  7.847E-03
 8.814E+02  6.349E-03
 4.726E+02  3.548E-02
 1.111E+03  1.123E-02
 2.871E+02  2.147E-01
 7.710E+02  2.235E-02
 3.737E+02  1.207E-01
 3.542E+02  5.278E-02
 5.426E+02  2.843E-02
 5.425E+02  2.174E-02
 5.365E+02  1.266E-02
 8.039E+02  4.617E-03
 4.934E+02  2.670E-01
 6.544E+02  1.738E-02
 7.741E+02  1.023E-02
 5.160E+02  1.460E-02
 5.687E+02  3.461E-03
 6.746E+02  6.942E-02
 4.135E+02  1.897E-02
 5.775E+02  6.944E-02
 4.443E+02  2.182E-01
 9.638E+02  5.907E-03
 1.727E+03  7.091E-03
 7.272E+02  5.135E-02
 3.986E+02  6.167E-02
 4.610E+02  2.944E-02
 7.942E+02  2.418E-02
 6.955E+02  1.457E-01
 5.600E+02  3.382E-01
 1.635E+03  9.678E-03
 5.579E+02  2.009E-02
 8.839E+02  2.814E-02
 6.558E+02  2.829E-02
 5.088E+02  2.413E-02
 7.015E+02  2.384E-02
 7.350E+02  1.981E-02
 6.480E+02  2.022E-02
 1.026E+03  3.684E-02
 3.667E+02  2.776E-01
 4.474E+02  1.480E-02
 9.086E+02  2.180E-02
 4.228E+02  4.425E-02
 5.865E+02  3.877E-02
 6.811E+02  4.081E-03
 3.298E+02  1.746E-01
 5.727E+02  2.288E-02
 4.605E+02  1.328E-01
 9.066E+02  2.480E-02
 3.419E+02  2.259E-01
 1.293E+03  9.312E-03
 3.161E+02  6.335E-02
 9.333E+02  9.804E-03
 4.625E+02  1.419E-02
 8.342E+02  1.963E-02
 6.974E+02  5.378E-03
 8.699E+02  4.277E-02
 5.915E+02  4.191E-02
 4.315E+02  6.818E-02
 4.384E+02  4.483E-02
 3.472E+02  1.110E-01
 5.330E+02  9.261E-02
 4.896E+02  4.506E-02
 4.741E+02  1.815E-02
 6.760E+02  5.401E-02
 1.222E+03  2.436E-02
 1.412E+03  1.291E-03
 8.209E+02  4.796E-03
 6.557E+02  5.281E-03
 6.179E+02  9.712E-02
 5.076E+02  2.138E-01
 5.316E+02  2.504E-02
 6.816E+02  1.816E-02
 7.994E+02  6.483E-03
 9.196E+02  2.960E-02
 7.472E+02  1.953E-02
 4.769E+02  6.370E-02
 6.718E+02  3.881E-03
 6.092E+02  3.974E-02
 6.793E+02  3.187E-02
 6.988E+02  2.475E-02
 7.340E+02  4.904E-02
 6.738E+02  6.021E-02
 5.007E+02  5.834E-02
 7.376E+02  1.566E-02
 4.743E+02  2.237E-02
 5.945E+02  5.890E-02
 4.871E+02  8.523E-03
 7.233E+02  9.524E-03
 5.219E+02  7.469E-02
 2.854E+02  4.064E-01
 4.761E+02  6.509E-02
 4.958E+02  5.288E-02
 7.545E+02  7.487E-03
 1.053E+03  3.981E-03
 5.409E+02  1.254E-02
 4.447E+02  2.628E-02
 7.539E+02  2.423E-02
 5.086E+02  3.314E-02
 2.593E+02  5.556E-01
 5.977E+02  1.230E-01
 3.960E+02  1.026E-01
 5.885E+02  2.653E-01
 5.369E+02  7.001E-02
 7.307E+02  2.296E-02
 5.687E+02  9.256E-02
 5.764E+02  6.433E-02
 6.912E+02  4.114E-02
 5.487E+02  5.599E-02
 4.153E+02  1.361E-01
 7.742E+02  3.422E-02
 6.709E+02  2.647E-02
 6.244E+02  1.958E-02
 5.827E+02  4.677E-02
 9.260E+02  6.595E-03
 6.730E+02  3.494E-02
 2.638E+02  1.917E-01
 4.391E+02  4.156E-01
 9.478E+02  3.468E-02
 5.789E+02  3.485E-02
 3.864E+02  8.559E-02
 5.757E+02  3.578E-02
 7.568E+02  2.290E-02
 4.694E+02  5.099E-02
 5.380E+02  6.177E-02
 3.793E+02  1.203E-01
 5.857E+02  1.948E-02
 4.097E+02  1.998E-01
 7.868E+02  3.459E-02
 9.983E+02  2.627E-03
 3.242E+02  3.909E-01
 8.489E+02  9.199E-02
 4.858E+02  1.330E-01
 9.031E+02  5.695E-02
 7.021E+02  2.611E-02
 7.526E+02  1.474E-02
 3.543E+02  5.526E-02
 6.032E+02  2.055E-03
 3.783E+02  1.290E-01
 3.009E+03  4.387E-03
 3.313E+02  8.464E-02
 9.342E+02  2.431E-02
 6.823E+02  5.053E-03
 6.846E+02  3.586E-02
 7.002E+02  7.634E-03
 5.976E+02  3.039E-02
 4.978E+02  6.061E-02
 6.113E+02  3.592E-02
 6.865E+02  1.825E-02
 2.944E+02  4.121E-01
 6.471E+02  2.099E-02
 6.009E+02  5.299E-02
 6.528E+02  8.361E-02
 6.710E+02  1.954E-02
 7.244E+02  3.942E-02
 2.798E+02  5.626E-01
 6.977E+02  2.212E-02
 2.882E+02  2.738E-01
 1.709E+02  2.912E-02
 3.910E+02  1.837E-02
 1.037E+03  8.604E-02
 5.657E+02  2.945E-02
 3.876E+02  1.477E-01
 1.266E+03  1.593E-03
 2.978E+02  5.444E-01
 6.447E+02  3.298E-02
 5.607E+02  7.131E-02
 5.199E+02  6.896E-03
 5.742E+02  9.916E-03
 6.947E+02  2.035E-02
 8.418E+02  1.779E-02
 4.483E+02  1.720E-01
 7.215E+02  1.158E-02
 7.583E+02  5.199E-03
 5.873E+02  1.660E-02
 6.494E+02  2.142E-02
 1.759E+03  1.906E-03
 5.398E+02  4.085E-02
 5.175E+02  2.547E-02
 4.198E+02  8.292E-02
 8.632E+02  1.667E-02
 3.521E+02  4.267E-02
 2.501E+03  2.169E-03
 6.661E+02  5.395E-02
 7.959E+02  1.996E-02
 4.003E+02  1.997E-01
 1.304E+03  1.185E-03
 5.020E+02  6.272E-02
 8.249E+02  7.574E-03
 1.255E+03  2.313E-02
 1.373E+03  8.430E-03
 4.821E+02  1.010E-02
 9.994E+02  2.636E-02
 4.512E+02  1.361E-01
 3.822E+02  1.065E-02
 5.605E+02  1.902E-02
 7.519E+02  5.418E-02
 6.804E+02  1.224E-02
 1.289E+03  2.999E-02
 6.474E+02  1.646E-02
 6.282E+02  5.777E-02
 6.708E+02  1.458E-02
 6.104E+02  1.160E-01
 1.230E+03  1.051E-02
 2.647E+02  1.228E-01
 8.502E+02  4.696E-03
 1.317E+03  2.579E-03
 6.481E+02  6.879E-02
 4.000E+02  3.357E-02
 5.460E+02  3.623E-02
 1.569E+03  6.071E-04
 6.559E+02  9.066E-02
 1.050E+03  2.455E-02
 5.165E+02  3.027E-02
 9.941E+02  1.510E-02
 5.101E+02  5.398E-02
 8.348E+02  5.340E-02
 4.936E+02  9.595E-03
 6.016E+02  2.556E-02
 7.743E+02  2.340E-02
 6.124E+02  3.913E-02
 4.998E+02  6.384E-02
 4.448E+02  2.628E-01
 7.493E+02  4.149E-02
 9.393E+02  9.631E-03
 1.262E+03  5.602E-03
 9.663E+02  2.188E-02
 4.808E+02  5.496E-02
 4.437E+02  8.743E-02
 1.022E+03  1.600E-02
 4.765E+02  5.299E-02
 4.374E+02  3.290E-02
 6.790E+02  1.824E-02
 4.117E+02  1.379E-01
 6.032E+02  3.955E-02
 4.593E+02  9.962E-02
 5.421E+02  3.255E-02
 8.470E+02  2.670E-02
 5.472E+02  6.688E-02
 1.308E+03  2.038E-03
 2.292E+03  1.559E-03
 5.791E+02  2.488E-02
 1.090E+03  1.412E-02
 7.669E+02  2.939E-02
 5.185E+02  2.622E-02
 5.916E+02  1.130E-02
 5.410E+02  7.078E-02
 7.925E+02  1.790E-02
 5.798E+02  8.031E-03
 9.348E+02  9.988E-03
 7.070E+02  7.858E-03
 6.655E+02  2.712E-02
 3.526E+02  2.275E-01
 6.765E+02  3.815E-02
 6.812E+02  4.015E-02
 1.035E+03  4.447E-03
 4.309E+02  2.510E-01
 5.041E+02  6.195E-03
 4.441E+02  6.527E-02
 1.234E+03  1.016E-02
 5.916E+02  3.420E-02
 4.218E+02  3.541E-01
 4.429E+02  3.866E-02
 5.573E+02  3.154E-02
 6.461E+02  3.883E-03
 7.558E+02  6.222E-02
 4.477E+02  7.045E-02
 1.412E+03  3.930E-03
 3.253E+02  2.735E-02
 5.648E+02  1.639E-02
 4.363E+02  1.728E-02
 5.738E+02  5.360E-02
 6.707E+02  2.455E-02
 3.898E+02  3.757E-02
 5.475E+02  5.485E-02
 6.535E+02  2.005E-03
 6.767E+02  1.272E-01
 4.971E+02  2.322E-02
 7.697E+02  1.297E-02
 6.484E+02  5.371E-02
 6.729E+02  2.012E-02
 7.239E+02  1.073E-01
 5.186E+02  2.997E-02
 1.603E+03  1.078E-03
 4.152E+02  2.240E-01
 3.952E+02  4.013E-02
 7.922E+02  1.653E-02
 6.369E+02  2.075E-02
 5.413E+02  1.164E-01
 4.267E+02  1.998E-02
 6.144E+02  2.613E-03
 5.188E+02  2.645E-02
 3.567E+02  2.697E-02
 1.097E+03  1.951E-02
 6.479E+02  6.141E-02
 1.260E+03  1.442E-02
 2.752E+02  3.285E-01
 8.738E+02  4.020E-02
 5.230E+02  3.962E-02
 9.371E+02  2.106E-02
 6.037E+02  3.966E-02
 5.158E+02  2.210E-02
 5.391E+02  5.314E-02
 6.485E+02  1.691E-01
 1.097E+03  1.415E-02
 4.014E+02  1.843E-01
 4.787E+02  1.894E-02
 5.442E+02  5.196E-02
 5.993E+02  9.361E-03
 3.148E+02  9.255E-02
 2.502E+03  2.379E-03
 5.384E+02  5.486E-02
 1.011E+03  1.340E-02
 5.568E+02  4.463E-02
 6.690E+02  1.323E-02
 8.303E+02  2.511E-02
 6.304E+02  1.396E-01
 1.015E+03  2.968E-02
 4.196E+02  1.126E-01
 1.039E+03  1.338E-03
 3.853E+02  1.214E-01
 5.284E+02  5.429E-02
 7.209E+02  2.882E-02
 7.573E+02  3.388E-02
 8.001E+02  3.766E-02
 6.003E+02  5.117E-02
 4.666E+02  1.468E-02
 5.748E+02  1.920E-01
 5.336E+02  6.781E-02
 3.682E+02  7.384E-02
 1.818E+03  1.570E-03
 1.190E+03  1.664E-02
 1.835E+03  3.162E-03
 1.068E+03  1.054E-02
 3.614E+02  5.447E-02
 8.118E+02  1.052E-02
 8.292E+02  1.705E-02
 4.488E+02  2.481E-02
 5.780E+02  1.272E-01
 1.056E+03  1.866E-03
 4.411E+02  2.910E-02
 6.325E+02  1.239E-01
 6.490E+02  1.783E-02
 4.533E+02  2.099E-01
 1.493E+03  1.696E-03
 7.382E+02  1.635E-02
 8.174E+02  1.675E-02
 4.623E+02  1.988E-02
 1.182E+03  6.604E-03
 5.569E+02  2.530E-02
 9.717E+02  3.483E-02
 5.030E+02  1.024E-01
 6.863E+02  2.599E-02
 7.748E+02  2.868E-02
 3.453E+02  2.170E-01
 5.233E+02  1.976E-02
 9.143E+02  2.295E-02
 6.952E+02  6.323E-02
 6.950E+02  1.003E-01
 4.749E+02  9.660E-02
 3.789E+02  3.550E-02
 6.817E+02  1.856E-02
 9.465E+02  2.544E-02
 5.220E+02  2.097E-02
 8.352E+02  2.196E-02
 6.572E+02  7.328E-02
 5.110E+02  9.337E-03
 5.707E+02  1.049E-02
 6.806E+02  1.253E-02
 5.833E+02  1.653E-02
 5.263E+02  6.067E-02
 9.965E+02  4.347E-03
 5.476E+02  4.505E-02
 1.192E+03  1.566E-02
 3.613E+02  8.968E-02
 4.784E+02  2.728E-02
 4.693E+02  2.607E-02
 9.226E+02  6.428E-03
 3.818E+02  4.857E-02
 4.891E+02  9.775E-02
 5.540E+02  1.855E-01
 5.573E+02  6.388E-02
 8.812E+02  8.700E-03
 1.101E+03  1.453E-01
 9.208E+02  1.396E-02
 1.014E+03  3.452E-03
 4.126E+02  1.622E-01
 6.646E+02  3.286E-02
 5.017E+02  2.103E-01
 4.962E+02  1.948E-02
 1.064E+03  5.353E-03
 3.688E+02  3.476E-01
 5.050E+02  2.706E-02
 8.044E+02  1.964E-02
 1.783E+03  8.051E-03
 1.638E+03  1.846E-02
 1.234E+03  3.108E-03
 9.041E+02  9.826E-03
 9.191E+02  1.295E-02
 7.765E+02  5.125E-03
 6.512E+02  3.039E-02
 6.225E+02  1.618E-02
 1.033E+03  2.695E-02
 5.717E+02  1.395E-01
 5.522E+02  1.030E-01
 5.506E+02  4.043E-02
 3.758E+02  1.280E-01
 3.978E+02  2.517E-02
 7.076E+02  6.181E-02
 2.033E+03  5.338E-02
 9.119E+02  5.653E-02
 6.296E+02  5.256E-02
 4.062E+02  5.142E-02
 6.660E+02  1.812E-02
 6.994E+02  2.089E-02
 7.288E+02  1.400E-02
 7.626E+02  2.260E-02
 7.047E+02  1.388E-02
 7.207E+02  9.083E-02
 6.967E+02  3.793E-03
 9.079E+02  2.215E-02
 5.609E+02  3.925E-02
 8.082E+02  2.161E-02
 5.927E+02  3.050E-02
 7.641E+02  7.314E-03
 7.459E+02  5.076E-02
 5.331E+02  1.380E-01
 3.691E+02  1.374E-01
 1.688E+03  2.295E-03
 6.480E+02  2.273E-01
 6.470E+02  8.330E-03
 5.166E+02  1.658E-02
 6.420E+02  1.500E-02
 8.500E+02  7.038E-02
 5.824E+02  2.693E-02
 5.181E+02  4.180E-02
 8.025E+02  1.494E-03
 6.047E+02  2.385E-02
 1.057E+03  8.220E-03
 7.830E+02  9.449E-03
 4.353E+02  2.241E-02
 6.160E+02  7.136E-02
 6.035E+02  2.330E-02
 1.151E+03  2.390E-04
 1.020E+03  4.860E-02
 4.399E+02  7.894E-02
 5.321E+02  1.175E-02
 5.295E+02  7.292E-02
 7.905E+02  8.706E-02
 4.024E+02  6.562E-02
 6.292E+02  3.960E-02
 9.043E+02  4.671E-02
 1.233E+03  4.100E-03
 7.958E+02  3.534E-02
 6.337E+02  3.779E-02
 6.835E+02  1.335E-01
 1.626E+03  1.291E-02
 4.739E+02  1.664E-01
 4.796E+02  3.678E-02
 5.466E+02  1.128E-02
 3.413E+02  4.423E-01
 7.432E+02  5.779E-02
 4.657E+02  3.778E-02
 5.091E+02  1.349E-01
 7.352E+02  1.511E-02
 4.845E+02  4.555E-02
 5.856E+02  4.484E-02
 1.741E+03  2.566E-03
 7.926E+02  1.566E-01
 3.773E+02  4.383E-01
 6.812E+02  7.310E-03
 5.203E+02  3.541E-02
 4.969E+02  1.742E-01
 5.077E+02  1.038E-01
 1.562E+03  1.376E-03
 3.674E+02  4.149E-02
 6.328E+02  8.470E-02
 3.856E+02  4.245E-02
 3.049E+02  2.011E-01
 4.257E+02  8.585E-02
 1.010E+03  2.915E-02
 8.604E+02  2.400E-02
 8.740E+02  1.832E-02
 6.413E+02  6.488E-02
 8.542E+02  3.475E-02
 6.833E+02  1.564E-02
 4.125E+02  1.216E-01
 3.062E+02  5.010E-02
 6.398E+02  9.195E-02
 8.106E+02  1.504E-02
 7.458E+02  1.030E-01
 5.464E+02  1.862E-01
 6.953E+02  1.027E-02
 4.198E+02  2.995E-02
 5.723E+02  1.168E-01
 5.305E+02  8.023E-02
 3.560E+02  5.041E-02
 9.253E+02  5.308E-03
 1.988E+03  4.671E-03
 5.670E+02  2.123E-02
 4.789E+02  2.926E-01
 4.115E+02  1.008E-01
 4.625E+02  1.788E-02
 7.756E+02  2.549E-02
 3.735E+02  2.295E-01
 7.182E+02  5.555E-03
 4.847E+02  6.309E-02
 9.007E+02  3.119E-02
 6.258E+02  2.524E-02
 5.526E+02  2.601E-01
 6.718E+02  7.034E-03
 6.811E+02  6.456E-02
 3.835E+02  1.272E-01
 5.850E+02  2.197E-01
 7.273E+02  1.531E-02
 4.646E+02  4.414E-02
 5.919E+02  4.041E-02
 5.314E+02  3.334E-02
 6.343E+02  8.708E-04
 4.191E+02  2.285E-02
 6.757E+02  3.057E-02
 4.548E+02  1.387E-02
 1.119E+03  1.564E-02
 5.411E+02  1.597E-01
 4.941E+02  1.440E-02
 4.218E+02  2.283E-01
 5.061E+02  1.803E-01
 8.048E+02  1.081E-02
 6.573E+02  5.048E-02
 5.154E+02  3.117E-02
 9.605E+02  4.606E-02
 1.315E+03  2.820E-03
 4.308E+02  2.755E-01
 5.622E+02  1.129E-02
 5.321E+02  1.003E-01
 4.614E+02  6.988E-02
 3.163E+02  8.175E-02
 7.833E+02  3.940E-02
 7.707E+02  4.379E-02
 1.010E+03  7.314E-03
 4.144E+02  5.863E-02
 4.447E+02  2.163E-01
 8.904E+02  1.740E-02
 6.678E+02  3.892E-02
 5.344E+02  1.751E-02
 5.995E+02  2.236E-02
 1.156E+03  3.640E-02
 5.989E+02  1.693E-02
 1.145E+03  1.963E-03
 9.869E+02  4.197E-02
 1.102E+03  1.439E-02
 6.656E+02  6.080E-02
 6.531E+02  3.274E-02
 4.053E+02  1.877E-01
 1.369E+03  1.607E-02
 3.068E+02  1.143E-01
 9.798E+02  2.284E-02
 1.814E+03  8.674E-03
 5.160E+02  3.287E-02
 1.065E+03  1.513E-02
 5.763E+02  3.417E-02
 9.115E+02  2.396E-02
 4.587E+02  3.956E-02
 7.775E+02  4.119E-02
 9.925E+02  9.449E-02
 8.255E+02  2.363E-02
 4.752E+02  8.571E-03
 5.223E+02  2.046E-02
 4.646E+02  2.638E-01
 4.904E+02  1.428E-01
 3.470E+02  1.751E-02
 5.114E+02  3.024E-02
 1.444E+03  4.312E-02
 8.942E+02  1.911E-02
 4.007E+02  3.001E-02
 1.185E+03  1.579E-02
 6.150E+02  2.585E-02
 7.033E+02  1.485E-02
 3.788E+02  6.432E-01
 8.341E+02  2.427E-02
 7.102E+02  5.854E-02
 6.454E+02  1.166E-02
 4.240E+02  2.084E-02
 1.648E+03  2.112E-01
 8.395E+02  2.372E-02
 1.034E+03  5.341E-02
 3.756E+02  3.244E-02
 6.403E+02  1.981E-02
 2.533E+02  5.233E-02
 6.020E+02  2.474E-02
 3.306E+02  9.247E-02
 6.855E+02  1.608E-02
 3.998E+02  1.270E-01
 5.322E+02  2.121E-02
 5.084E+02  3.487E-02
 4.111E+02  1.535E-02
 3.788E+02  1.234E-01
 6.051E+02  1.821E-02
 6.399E+02  6.761E-02
 1.384E+03  4.056E-03
 9.299E+02  3.919E-02
 6.991E+02  1.904E-02
 7.683E+02  6.890E-03
 6.802E+02  2.835E-02
 1.222E+03  5.750E-02
 4.700E+02  2.387E-02
 4.835E+02  1.046E-01
 1.149E+03  1.632E-02
 9.601E+02  2.812E-02
 4.530E+02  4.262E-02
 1.197E+03  3.869E-02
 6.615E+02  1.142E-02
 6.021E+02  2.183E-02
 6.201E+02  8.823E-02
 5.076E+02  2.287E-02
 7.504E+02  2.935E-02
 7.502E+02  3.615E-02
 7.224E+02  5.963E-02
 6.399E+02  5.351E-02
 6.999E+02  2.910E-02
 5.344E+02  4.851E-02
 4.476E+02  7.803E-02
 9.683E+02  9.776E-03
 5.859E+02  1.649E-02
 6.294E+02  1.952E-02
 7.464E+02  2.874E-02
 8.180E+02  2.296E-02
 9.147E+02  5.200E-02
 5.725E+02  9.098E-02
 8.453E+02  8.922E-03
 6.324E+02  3.098E-01
 4.431E+02  2.308E-02
 1.017E+03  2.657E-02
 3.826E+02  4.991E-02
 1.353E+03  9.051E-03
 9.038E+02  6.453E-03
 5.819E+02  1.069E-01
 6.432E+02  8.983E-03
 1.145E+03  2.317E-02
 7.855E+02  4.760E-02
 1.266E+03  5.767E-03
 5.210E+02  6.153E-02
 3.857E+02  1.450E-01
 4.429E+02  1.024E-01
 6.848E+02  6.726E-02
 1.423E+03  5.481E-03
 6.139E+02  3.910E-02
 5.631E+02  1.324E-02
 9.055E+02  6.216E-03
 5.405E+02  2.604E-01
 6.120E+02  6.319E-03
 5.435E+02  1.359E-01
 7.724E+02  3.531E-02
 5.949E+02  8.492E-02
 6.490E+02  4.549E-02
 1.611E+03  3.474E-03
 6.207E+02  3.922E-02
 1.357E+03  1.405E-02
 6.320E+02  2.122E-02
 5.689E+02  4.702E-02
 6.086E+02  1.097E-01
 8.245E+02  1.436E-02
 3.378E+02  2.207E-01
 7.211E+02  3.610E-02
 5.184E+02  2.788E-02
 4.029E+02  6.526E-02
 5.833E+02  3.127E-02
 4.176E+02  2.502E-02
 7.846E+02  7.117E-03
 6.625E+02  2.397E-02
 5.861E+02  4.934E-02
 4.757E+02  5.851E-02
 4.000E+02  3.667E-02
 5.889E+02  4.224E-02
 4.195E+02  2.636E-02
 4.898E+02  3.488E-02
 5.965E+02  1.354E-01
 4.644E+02  2.490E-02
 5.811E+02  2.309E-02
 4.110E+02  8.259E-02
 4.328E+02  7.897E-02
 3.937E+02  1.776E-01
 4.846E+02  6.606E-02
 5.463E+02  1.198E-01
 9.571E+02  3.700E-02
 3.922E+02  3.195E-01
 4.083E+02  6.465E-02
 7.006E+02  2.127E-02
 5.013E+02  2.780E-02
 6.047E+02  4.840E-02
 7.545E+02  1.734E-02
 6.738E+02  4.062E-02
 4.073E+02  2.645E-01
 4.039E+02  2.234E-01
 4.623E+02  1.003E-01
 3.530E+02  2.158E-01
 5.045E+02  4.209E-02
 5.324E+02  7.268E-02
 5.751E+02  1.535E-02
 5.958E+02  2.036E-02
 8.617E+02  6.871E-02
 1.910E+03  8.995E-03
 8.446E+02  1.548E-01
 7.270E+02  2.048E-02
 7.263E+02  5.250E-02
 6.044E+02  2.393E-02
 5.625E+02  4.557E-02
 1.089E+03  9.568E-04
 5.715E+02  6.930E-02
 3.675E+02  2.042E-01
 5.115E+02  1.421E-02
 5.466E+02  1.890E-02
 3.147E+02  1.675E-01
 3.897E+02  9.193E-02
 8.788E+02  4.461E-02
 5.947E+02  2.015E-02
 7.638E+02  5.895E-03
 6.436E+02  2.459E-02
 1.052E+03  8.597E-03
 5.867E+02  1.734E-02
 9.417E+02  8.722E-02
 7.722E+02  1.553E-02
 8.046E+02  1.636E-02
 7.068E+02  1.062E-02
 9.668E+02  5.803E-02
 9.527E+02  1.564E-02
 6.907E+02  1.101E-01
 3.458E+02  2.905E-01
 6.741E+02  6.720E-02
 4.098E+02  5.656E-02
 5.121E+02  1.320E-02
 7.852E+02  5.211E-03
 5.517E+02  1.865E-02
 5.196E+02  2.638E-02
 6.053E+02  2.685E-02
 7.175E+02  7.817E-03
 7.173E+02  3.724E-02
 6.410E+02  1.046E-02
 5.224E+02  3.663E-02
 4.529E+02  6.718E-02
 6.495E+02  4.027E-02
 4.973E+02  1.151E-02
 9.486E+02  1.335E-02
 5.725E+02  3.554E-02
 1.174E+03  1.858E-02
 5.798E+02  4.814E-02
 6.304E+02  7.127E-02
 5.296E+02  9.335E-02
 6.196E+02  7.705E-02
 6.984E+02  3.401E-02
 4.750E+02  3.391E-02
 9.069E+02  7.512E-03
 6.443E+02  5.451E-02
 7.582E+02  1.257E-02
 1.051E+03  4.449E-03
 6.146E+02  1.697E-01
 7.850E+02  1.744E-02
 6.856E+02  4.183E-02
 7.270E+02  2.795E-02
 7.131E+02  1.828E-02
 1.708E+03  1.282E-02
 1.055E+03  2.251E-01
 3.554E+02  4.465E-01
 5.265E+02  3.121E-02
 8.488E+02  1.202E-01
 3.851E+02  1.085E-01
 1.068E+03  2.410E-02
 5.480E+02  5.862E-03
 2.906E+02  3.706E-01
 1.177E+03  4.435E-03
 5.998E+02  1.666E-02
 3.806E+02  2.864E-02
 7.271E+02  2.530E-01
 5.889E+02  4.644E-02
 1.103E+03  7.349E-03
 4.730E+02  8.535E-03
 6.182E+02  3.496E-02
 6.437E+02  5.604E-02
 6.022E+02  1.990E-02
 1.103E+03  5.749E-03
 6.543E+02  3.420E-02
 6.514E+02  2.624E-02
 5.274E+02  5.090E-02
 6.971E+02  3.932E-03
 5.425E+02  7.219E-02
 5.872E+02  6.655E-02
 9.568E+02  9.449E-03
 5.558E+02  3.282E-02
 5.807E+02  1.421E-02
 7.100E+02  1.376E-02
 7.606E+02  9.413E-03
 5.574E+02  3.571E-02
 5.641E+02  1.955E-02
 5.461E+02  4.268E-02
 1.011E+03  2.317E-02
 3.363E+02  1.623E-01
 3.717E+02  1.036E-01
 9.783E+02  1.363E-03
 8.400E+02  4.008E-02
 3.339E+02  4.016E-02
 1.251E+03  1.146E-02
 6.458E+02  7.667E-02
 4.864E+02  5.114E-02
 1.040E+03  2.280E-02
 6.058E+02  1.198E-01
 2.646E+02  5.497E-01
 8.841E+02  8.594E-03
 6.694E+02  2.456E-03
 4.442E+02  7.006E-02
 4.767E+02  1.786E-01
 5.222E+02  3.096E-02
 3.660E+02  6.619E-02
 1.259E+03  1.965E-02
 4.629E+02  1.828E-01
 1.940E+02  2.127E-01
 1.397E+03  7.030E-03
 1.564E+03  1.920E-03
 6.374E+02  7.949E-03
 1.117E+03  2.453E-02
 6.186E+02  1.517E-02
 4.088E+02  3.523E-02
 1.048E+03  6.827E-03
 7.996E+02  3.695E-02
 9.168E+02  4.419E-02
 3.412E+02  8.191E-02
 8.594E+02  2.834E-02
 7.769E+02  1.441E-02
 4.356E+02  3.343E-02
 6.855E+02  2.644E-02
 5.049E+02  1.978E-01
 4.713E+02  1.954E-01
 4.846E+02  2.012E-01
 1.046E+03  2.858E-03
 7.923E+02  1.365E-02
 5.915E+02  4.401E-02
 4.350E+02  1.401E-01
 7.480E+02  1.792E-02
 8.089E+02  7.981E-03
 5.779E+02  1.245E-02
 7.200E+02  1.332E-02
 5.506E+02  2.848E-02
 5.130E+02  8.902E-03
 6.260E+02  3.211E-02
 6.414E+02  7.578E-02
 1.039E+03  6.661E-03
 6.126E+02  2.528E-02
 4.865E+02  1.184E-01
 5.371E+02  3.370E-02
 6.613E+02  1.285E-02
 8.253E+02  1.994E-02
 1.469E+03  1.907E-02
 6.129E+02  1.337E-02
 7.669E+02  1.280E-02
 8.086E+02  1.276E-02
 5.102E+02  3.272E-02
 5.823E+02  3.822E-02
 3.935E+02  1.081E-01
 4.727E+02  2.242E-01
 5.205E+02  3.837E-01
 7.811E+02  1.396E-02
 4.588E+02  6.081E-02
 9.513E+02  6.799E-03
 1.549E+03  1.186E-02
 6.968E+02  1.326E-02
 4.458E+02  4.036E-01
 7.988E+02  1.812E-02
 5.054E+02  4.413E-02
 5.945E+02  5.912E-03
 4.373E+02  9.451E-02
 7.989E+02  2.783E-02
 1.489E+03  1.514E-02
 5.583E+02  2.882E-02
 6.036E+02  2.768E-02
 5.652E+02  1.431E-02
 5.906E+02  3.331E-02
 7.623E+02  6.664E-03
 5.404E+02  4.404E-03
 5.148E+02  6.366E-02
 4.184E+02  1.152E-01
 1.085E+03  7.194E-02
 3.298E+02  5.991E-02
 5.710E+02  1.836E-02
 4.777E+02  2.147E-02
 6.860E+02  1.074E-01
 7.831E+02  1.979E-02
 4.627E+02  1.301E-02
 1.297E+03  9.325E-03
 6.496E+02  4.220E-02
 6.598E+02  4.394E-02
 7.237E+02  4.605E-02
 1.250E+03  1.346E-02
 4.416E+02  5.414E-02
 4.110E+02  6.662E-03
 4.967E+02  6.532E-02
 4.281E+02  1.441E-01
 6.573E+02  3.947E-04
 4.910E+02  5.848E-03
 6.171E+02  3.367E-02
 5.338E+02  1.496E-02
 4.420E+02  2.469E-01
 5.806E+02  1.462E-02
 7.287E+02  1.559E-02
 3.430E+02  3.097E-01
 4.680E+02  2.607E-02
 7.197E+02  1.038E-02
 4.992E+02  5.045E-02
 1.337E+03  8.762E-03
 8.582E+02  1.308E-02
 5.025E+02  1.386E-01
 5.985E+02  7.753E-02
 6.308E+02  1.836E-02
 4.250E+02  3.062E-02
 6.418E+02  1.434E-02
 7.316E+02  5.451E-02
 8.800E+02  1.812E-02
 6.340E+02  2.057E-02
 5.044E+02  5.683E-03
 5.321E+02  1.012E-01
 6.343E+02  4.722E-02
 6.780E+02  1.917E-02
 5.919E+02  2.577E-02
 4.733E+02  3.098E-02
 4.590E+02  3.268E-02
 5.737E+02  3.800E-02
 1.099E+03  1.809E-02
 8.611E+02  3.548E-02
 5.533E+02  1.102E-02
 5.873E+02  8.694E-02
 5.642E+02  6.214E-02
 8.013E+02  1.539E-02
 4.018E+02  1.126E-02
 5.559E+02  9.157E-02
 5.464E+02  3.973E-02
 1.203E+03  5.811E-03
 9.804E+02  9.323E-02
 4.843E+02  4.132E-02
 8.654E+02  1.739E-02
 8.553E+02  3.745E-02
 1.887E+03  1.038E-02
 9.208E+02  2.337E-02
 4.526E+02  5.652E-02
 1.001E+03  2.818E-03
 6.558E+02  2.691E-02
 6.548E+02  7.256E-02
 5.193E+02  1.290E-02
 1.216E+03  1.594E-02
 5.437E+02  4.201E-02
 7.108E+02  2.921E-02
 6.798E+02  5.438E-02
 4.896E+02  5.198E-02
 7.696E+02  6.275E-02
 9.636E+02  1.749E-02
 5.807E+02  4.684E-02
 5.101E+02  4.919E-02
 7.501E+02  1.681E-02
 7.759E+02  2.839E-02
 8.125E+02  8.217E-03
 4.315E+02  3.802E-02
 5.708E+02  2.162E-01
 7.135E+02  1.111E-02
 3.310E+02  1.444E-02
 6.277E+02  4.024E-02
 3.091E+02  5.249E-01
 5.552E+02  1.529E-02
 3.462E+02  3.682E-01
 7.358E+02  2.973E-02
 5.723E+02  3.214E-02
 8.792E+02  2.965E-02
 8.905E+02  1.692E-02
 5.370E+02  1.177E-01
 9.735E+02  2.873E-02
 6.196E+02  1.066E-01
 8.543E+02  1.050E-02
 1.112E+03  2.506E-02
 4.694E+02  2.166E-02
 5.221E+02  7.372E-02
 2.877E+02  4.323E-01
 4.719E+02  9.894E-02
 4.617E+02  1.727E-01
 5.450E+02  5.734E-02
 4.862E+02  5.034E-01
 1.183E+03  5.203E-03
 6.907E+02  1.883E-02
 6.591E+02  5.603E-03
 1.022E+03  1.409E-02
 8.157E+02  2.103E-02
 3.737E+02  1.259E-02
 8.314E+02  5.207E-02
 8.218E+02  3.992E-03
 2.076E+03  5.698E-03
 5.447E+02  4.227E-01
 6.514E+02  1.287E-02
 8.676E+02  1.976E-01
 3.901E+02  2.740E-02
 5.237E+02  2.857E-02
 1.468E+03  6.862E-03
 5.769E+02  6.177E-02
 1.458E+03  2.302E-03
 7.267E+02  1.350E-02
 7.347E+02  2.864E-02
 4.507E+02  3.215E-01
 1.223E+03  1.355E-02
 4.804E+02  9.013E-03
 4.786E+02  3.738E-02
 8.191E+02  9.154E-02
 1.198E+03  5.687E-02
 4.938E+02  2.385E-01
 6.144E+02  2.137E-02
 4.445E+02  2.496E-02
 6.232E+02  3.492E-02
 5.113E+02  1.621E-02
 1.471E+03  1.871E-02
 4.488E+02  1.126E-01
 4.571E+02  3.097E-02
 1.107E+03  1.633E-02
 4.668E+02  1.999E-01
 7.407E+02  7.889E-02
 6.330E+02  5.379E-02
 4.591E+02  4.909E-02
 8.624E+02  1.946E-02
 4.963E+02  1.349E-02
 5.672E+02  6.345E-02
 2.582E+02  4.910E-01
 7.024E+02  2.868E-03
 5.313E+02  2.725E-02
 2.055E+03  2.749E-03
 6.151E+02  3.237E-02
 3.276E+02  2.881E-02
 5.636E+02  1.729E-01
 5.196E+02  2.022E-02
 6.517E+02  5.469E-02
 3.021E+02  1.565E-01
 6.795E+02  3.221E-02
 7.007E+02  7.125E-02
 5.735E+02  2.266E-02
 5.293E+02  5.700E-02
 6.145E+02  4.976E-02
 4.282E+02  3.507E-02
 3.513E+02  3.352E-02
 5.272E+02  5.763E-02
 7.710E+02  3.032E-02
 7.861E+02  6.415E-02
 8.102E+02  1.593E-02
 1.735E+03  3.676E-02
 7.486E+02  1.976E-02
 1.249E+03  2.797E-03
 6.045E+02  9.049E-02
 7.338E+02  2.670E-01
 1.099E+03  6.281E-02
 4.753E+02  2.827E-02
 2.978E+02  4.509E-01
 4.481E+02  4.000E-02
 3.599E+02  1.934E-01
 8.827E+02  7.868E-03
 4.015E+02  1.926E-01
 9.552E+02  2.505E-02
 3.784E+02  9.104E-02
 4.265E+02  8.086E-02
 6.076E+02  1.935E-02
 5.589E+02  6.727E-02
 4.493E+02  3.209E-02
 7.584E+02  8.504E-03
 8.528E+02  2.651E-03
 6.363E+02  2.596E-02
 5.002E+02  1.951E-02
 7.979E+02  5.864E-03
 8.769E+02  1.144E-01
 5.862E+02  1.468E-02
 4.543E+02  3.180E-02
 4.834E+02  2.249E-02
 5.068E+02  1.984E-02
 5.069E+02  1.754E-02
 9.324E+02  9.447E-02
 5.374E+02  9.182E-02
 9.656E+02  2.290E-02
 4.810E+02  1.566E-02
 7.763E+02  2.449E-02
 4.897E+02  2.786E-01
 5.619E+02  1.944E-02
 1.469E+03  4.566E-03
 8.669E+02  3.015E-02
 6.470E+02  4.985E-02
 3.386E+02  3.747E-01
 6.579E+02  5.221E-02
 6.105E+02  5.311E-02
 6.130E+02  3.476E-02
 5.115E+02  4.014E-02
 3.729E+02  2.290E-01
 6.413E+02  2.308E-02
 3.772E+02  7.314E-02
 5.189E+02  5.698E-02
 1.721E+03  4.641E-03
 3.206E+02  1.931E-01
 7.650E+02  3.389E-02
 3.811E+02  2.370E-01
 6.185E+02  3.745E-02
 6.855E+02  5.101E-02
 3.817E+02  1.153E-02
 3.510E+02  1.620E-02
 7.786E+02  9.176E-03
 4.028E+02  1.933E-01
 4.111E+02  1.523E-02
 7.175E+02  1.415E-02
 5.924E+02  4.150E-02
 1.158E+03  6.344E-03
 5.954E+02  8.934E-02
 1.297E+03  2.110E-02
 5.238E+02  4.442E-02
 4.315E+02  2.306E-01
 4.975E+02  5.375E-02
 5.311E+02  1.234E-01
 8.776E+02  7.927E-03
 6.298E+02  6.944E-02
 5.485E+02  2.146E-02
 7.345E+02  9.760E-03
 6.200E+02  1.490E-01
 4.555E+02  7.953E-02
 5.750E+02  5.637E-02
 5.289E+02  2.537E-02
 1.455E+03  3.543E-03
 4.928E+02  8.902E-02
 3.509E+02  1.799E-01
 4.879E+02  1.817E-02
 5.186E+02  9.212E-02
 5.585E+02  4.327E-02
 5.493E+02  5.437E-02
 8.308E+02  2.934E-02
 8.414E+02  2.671E-03
 6.000E+02  1.002E-01
 5.261E+02  2.571E-02
 1.130E+03  1.704E-03
 1.513E+03  6.722E-03
 6.851E+02  4.424E-02
 1.511E+03  5.610E-03
 9.876E+02  1.685E-02
 8.879E+02  5.697E-02
 8.031E+02  1.550E-02
 5.045E+02  1.079E-01
 1.347E+03  1.667E-02
 8.872E+02  6.701E-02
 1.491E+03  2.844E-02
 5.446E+02  6.580E-02
 8.165E+02  1.034E-02
 5.957E+02  1.728E-02
 3.932E+02  2.253E-02
 6.565E+02  1.496E-02
 8.143E+02  1.400E-02
 4.526E+02  1.648E-02
 1.291E+03  2.454E-02
 5.691E+02  8.177E-02
 5.669E+02  4.503E-02
 8.418E+02  2.537E-02
 7.498E+02  1.147E-02
 8.167E+02  3.478E-02
 6.529E+02  3.190E-02
 4.792E+02  2.087E-02
 5.892E+02  3.443E-02
 4.450E+02  3.234E-02
 4.845E+02  8.548E-02
 1.131E+03  2.094E-02
 4.718E+02  8.352E-02
 5.496E+02  4.129E-02
 7.321E+02  9.574E-03
 5.508E+02  1.329E-02
 4.361E+02  8.266E-02
 8.078E+02  7.280E-03
 7.191E+02  2.157E-02
 5.344E+02  2.177E-02
 4.151E+02  1.305E-01
 6.526E+02  4.872E-02
 3.292E+02  3.090E-01
 6.825E+02  5.328E-03
 1.267E+03  1.109E-02
 7.052E+02  1.326E-02
 6.944E+02  2.261E-01
 3.485E+02  1.376E-01
 5.504E+02  4.534E-03
 1.034E+03  1.165E-02
 4.155E+02  1.425E-01
 7.201E+02  6.311E-02
 5.538E+02  4.370E-02
 4.839E+02  4.077E-02
 7.925E+02  5.415E-02
 5.798E+02  1.276E-01
 3.682E+02  2.089E-02
 9.140E+02  1.233E-02
 7.231E+02  1.462E-02
 1.212E+03  8.596E-02
 8.248E+02  1.896E-02
 4.824E+02  6.104E-02
 8.850E+02  1.277E-02
 5.847E+02  1.441E-02
 3.779E+02  4.136E-02
 5.384E+02  3.586E-02
 5.914E+02  1.844E-02
 5.757E+02  1.108E-02
 5.557E+02  3.203E-02
 5.692E+02  6.469E-03
 4.292E+02  2.339E-02
 1.187E+03  3.373E-02
 4.557E+02  1.070E-01
 4.558E+02  2.985E-02
 8.949E+02  7.552E-03
 8.014E+02  4.074E-02
 8.241E+02  1.755E-02
 6.380E+02  6.452E-02
 1.024E+03  6.841E-02
 6.312E+02  2.973E-01
 5.918E+02  1.955E-02
 7.268E+02  1.593E-02
 4.173E+02  7.952E-02
 5.986E+02  8.024E-03
 1.079E+03  1.958E-02
 1.444E+03  9.468E-03
 2.083E+03  1.494E-02
 6.230E+02  3.613E-02
 5.224E+02  1.131E-02
 5.265E+02  3.045E-01
 6.723E+02  4.620E-02
 6.576E+02  4.114E-02
 1.572E+03  4.177E-03
 8.908E+02  8.465E-03
 6.945E+02  5.193E-02
 5.161E+02  1.653E-02
 6.296E+02  3.576E-02
 1.058E+03  1.132E-02
 5.764E+02  1.366E-02
 6.044E+02  1.444E-02
 7.254E+02  2.238E-02
 8.350E+02  3.458E-02
 7.120E+02  2.854E-02
 4.913E+02  8.179E-02
 4.600E+02  1.273E-01
 8.627E+02  1.248E-02
 4.916E+02  1.186E-01
 5.577E+02  1.215E-01
 7.118E+02  7.660E-02
 3.837E+02  1.216E-01
 4.481E+02  1.110E-01
 1.173E+03  2.661E-03
 5.878E+02  1.552E-01
 5.264E+02  1.512E-01
 5.703E+02  9.113E-02
 6.033E+02  1.001E-01
 1.461E+03  3.131E-02
 4.867E+02  1.066E-02
 1.054E+03  3.914E-02
 5.249E+02  7.890E-03
 3.189E+02  5.823E-01
 9.814E+02  1.377E-02
 5.050E+02  2.181E-02
 6.848E+02  1.069E-02
 4.470E+02  1.428E-01
 6.136E+02  1.600E-02
 9.910E+02  1.691E-01
 3.389E+02  3.140E-01
 4.860E+02  6.906E-02
 1.007E+03  8.556E-03
 3.900E+02  2.175E-02
 5.225E+02  4.098E-02
 5.229E+02  4.859E-02
 7.508E+02  1.404E-01
 3.310E+02  1.546E-01
 6.062E+02  7.693E-02
 5.457E+02  5.930E-02
 8.711E+02  9.736E-02
 9.606E+02  2.448E-02
 7.916E+02  1.800E-02
 4.949E+02  2.152E-02
 5.363E+02  1.146E-01
 5.073E+02  1.415E-01
 3.769E+02  6.825E-02
 2.750E+02  1.732E-01
 6.268E+02  1.475E-02
 1.117E+03  4.613E-02
 1.313E+03  2.629E-02
 5.757E+02  7.409E-03
 6.196E+02  1.557E-02
 4.516E+02  6.152E-02
 5.188E+02  2.362E-02
 2.003E+03  1.114E-02
 1.010E+03  1.217E-01
 8.513E+02  1.971E-02
 2.983E+02  2.029E-01
 1.197E+03  1.019E-02
 5.403E+02  1.003E-02
 7.134E+02  1.337E-02
 4.481E+02  7.390E-02
 1.634E+03  1.579E-02
 8.824E+02  1.400E-02
 3.991E+02  3.349E-02
 8.868E+02  1.816E-02
 1.015E+03  3.788E-03
 5.615E+02  2.314E-02
 1.031E+03  2.103E-02
 6.008E+02  6.267E-03
 4.057E+02  7.003E-02
 3.171E+02  2.656E-01
 1.099E+03  1.842E-02
 4.367E+02  3.078E-02
 9.208E+02  1.319E-02
 8.212E+02  2.190E-02
 7.062E+02  9.655E-03
 7.261E+02  5.078E-02
 2.684E+02  6.523E-01
 3.974E+02  1.620E-02
 7.927E+02  4.537E-02
 7.769E+02  3.556E-02
 5.101E+02  2.554E-02
 8.397E+02  1.633E-02
 5.226E+02  1.497E-02
 8.328E+02  1.036E-02
 4.107E+02  5.118E-02
 6.434E+02  1.474E-01
 7.289E+02  3.116E-02
 4.386E+02  3.327E-02
 6.212E+02  9.202E-03
 1.043E+03  6.157E-02
 9.537E+02  1.881E-03
 7.518E+02  3.762E-03
 4.174E+02  1.695E-02
 4.181E+02  5.614E-02
 8.790E+02  1.040E-02
 5.027E+02  3.732E-02
 4.540E+02  5.072E-02
 4.466E+02  1.294E-01
 5.778E+02  1.783E-01
 5.868E+02  1.566E-01
 6.286E+02  1.034E-01
 3.584E+02  3.043E-02
 4.942E+02  7.293E-02
 1.581E+03  2.250E-03
 6.315E+02  4.216E-02
 1.404E+03  9.480E-03
 2.708E+02  1.978E-01
 6.099E+02  8.109E-02
 1.063E+03  6.279E-02
 4.590E+02  9.001E-02
 5.440E+02  3.221E-02
 8.275E+02  8.893E-02
 5.980E+02  2.368E-02
 3.810E+02  3.985E-01
 5.181E+02  2.284E-02
 6.147E+02  5.021E-02
 3.686E+02  1.202E-01
 5.078E+02  1.118E-01
 8.479E+02  3.384E-02
 4.588E+02  7.674E-02
 9.764E+02  1.312E-02
 3.380E+02  1.502E-02
 3.354E+02  2.546E-01
 7.743E+02  3.050E-02
 5.869E+02  5.369E-03
 1.614E+03  1.662E-03
 7.189E+02  7.218E-02
 4.470E+02  3.679E-02
 5.248E+02  6.913E-02
 3.985E+02  8.102E-02
 3.989E+02  3.763E-02
 1.619E+03  2.665E-03
 1.011E+03  2.039E-02
 6.111E+02  2.897E-02
 3.360E+02  2.183E-01
 5.697E+02  4.849E-03
 7.452E+02  1.268E-02
 6.028E+02  1.255E-01
 2.733E+03  4.992E-03
 5.191E+02  2.694E-01
 3.874E+02  5.289E-02
 1.091E+03  9.422E-03
 1.180E+03  3.659E-03
 7.729E+02  2.959E-02
 4.951E+02  1.058E-01
 1.168E+03  8.356E-03
 6.488E+02  1.206E-01
 5.872E+02  2.051E-02
 4.335E+02  2.168E-02
 6.809E+02  2.950E-02
 7.097E+02  1.792E-02
 5.208E+02  5.404E-02
 1.508E+03  4.542E-03
 6.817E+02  3.384E-02
 1.011E+03  9.728E-03
 1.109E+03  6.268E-03
 5.380E+02  4.000E-02
 1.071E+03  2.611E-03
 9.010E+02  1.744E-02
 1.230E+03  5.233E-03
 7.603E+02  4.333E-02
 5.372E+02  1.462E-01
 8.590E+02  1.628E-02
 9.216E+02  4.870E-02
 4.475E+02  3.238E-02
 1.268E+03  6.030E-03
 5.519E+02  3.395E-02
 6.558E+02  3.897E-02
 1.017E+03  1.102E-02
 4.689E+02  1.611E-01
 5.800E+02  2.080E-02
 1.157E+03  2.123E-02
 5.876E+02  2.804E-02
 7.817E+02  1.777E-02
 1.002E+03  2.569E-02
 7.134E+02  2.133E-02
 7.319E+02  3.109E-02
 6.137E+02  1.192E-02
 1.339E+03  1.050E-02
 3.081E+02  3.725E-01
 7.458E+02  6.967E-02
 6.642E+02  2.547E-02
 7.450E+02  4.637E-02
 5.144E+02  1.154E-02
 6.486E+02  1.438E-01
 9.759E+02  1.758E-02
 4.956E+02  7.699E-02
 6.690E+02  1.869E-02
 3.457E+02  3.362E-01
 6.141E+02  1.820E-02
 6.931E+02  2.926E-02
 7.314E+02  3.982E-02
 1.495E+03  4.991E-02
 5.633E+02  2.370E-02
 7.996E+02  4.038E-02
 5.558E+02  1.608E-01
 8.491E+02  7.326E-02
 5.489E+02  8.605E-02
 5.751E+02  4.517E-02
 5.743E+02  3.012E-02
 5.353E+02  2.509E-02
 5.669E+02  9.487E-03
 4.352E+02  5.854E-02
 5.484E+02  1.916E-02
 4.819E+02  2.476E-02
 1.269E+03  4.657E-03
 8.791E+02  2.487E-02
 7.512E+02  9.267E-02
 8.690E+02  1.456E-02
 9.392E+02  2.179E-02
 4.255E+02  4.403E-02
 8.300E+02  7.604E-02
 8.201E+02  5.514E-02
 4.786E+02  7.019E-02
 9.830E+02  6.546E-02
 5.308E+02  2.475E-02
 9.936E+02  1.012E-02
 5.681E+02  1.059E-01
 6.316E+02  1.370E-01
 5.615E+02  3.094E-02
 6.151E+02  3.529E-02
 5.241E+02  2.584E-02
 1.194E+03  1.813E-02
 1.442E+03  8.414E-03
 1.151E+03  9.812E-03
 5.971E+02  2.063E-02
 1.000E+03  1.770E-02
 5.978E+02  1.179E-02
 3.242E+02  3.403E-01
 2.351E+02  6.347E-01
 5.290E+02  1.002E-02
 2.370E+02  5.532E-01
 8.381E+02  7.420E-02
 4.052E+02  3.997E-02
 4.993E+02  3.356E-02
 6.345E+02  2.772E-02
 6.086E+02  4.017E-02
 4.287E+02  1.849E-03
 3.068E+02  4.189E-01
 1.855E+03  8.961E-03
 7.043E+02  9.875E-02
 5.290E+02  2.882E-02
 4.940E+02  2.947E-01
 4.931E+02  3.876E-02
 6.168E+02  8.226E-02
 5.622E+02  3.175E-02
 7.781E+02  1.846E-02
 3.008E+02  1.402E-01
 9.666E+02  2.178E-02
 4.120E+02  2.172E-02
 8.991E+02  8.103E-03
 7.512E+02  9.215E-02
 8.659E+02  1.858E-02
 6.553E+02  5.922E-02
 4.200E+02  7.545E-02
 4.034E+02  1.051E-01
 5.926E+02  1.564E-01
 6.075E+02  5.695E-02
 8.077E+02  9.008E-02
 1.052E+03  1.385E-02
 7.766E+02  7.745E-03
 6.222E+02  3.848E-02
 4.481E+02  1.090E-01
 7.955E+02  1.515E-02
 5.273E+02  4.227E-02
 3.856E+02  1.765E-01
 6.249E+02  5.101E-02
 6.156E+02  1.706E-02
 6.153E+02  4.535E-02
 8.124E+02  2.987E-02
 1.219E+03  2.647E-03
 1.531E+03  1.426E-02
 2.795E+02  1.566E-01
 4.828E+02  5.830E-02
 3.896E+02  2.712E-02
 6.708E+02  2.269E-02
 6.005E+02  5.240E-02
 4.203E+02  3.173E-01
 7.494E+02  1.943E-02
 5.468E+02  1.904E-02
 4.472E+02  1.503E-01
 7.551E+02  4.151E-03
 2.479E+03  2.368E-03
 4.055E+02  1.212E-02
 5.339E+02  3.415E-02
 6.028E+02  5.259E-03
 9.868E+02  1.307E-02
 6.272E+02  1.461E-01
 5.333E+02  3.047E-02
 8.209E+02  4.090E-02
 1.071E+03  5.382E-03
 3.556E+02  1.480E-01
 1.313E+03  1.947E-02
 5.660E+02  1.720E-02
 7.487E+02  1.545E-01
 6.573E+02  3.153E-01
 1.987E+03  1.214E-02
 1.164E+03  1.982E-01
 4.898E+02  1.268E-01
 3.258E+02  1.437E-01
 6.836E+02  9.011E-02
 4.645E+02  1.118E-02
 8.064E+02  2.798E-02
 4.943E+02  1.789E-02
 4.312E+02  5.926E-02
 1.281E+03  5.720E-03
 5.174E+02  6.403E-02
 3.995E+02  2.016E-02
 1.687E+03  1.353E-03
 1.754E+03  3.349E-03
 9.164E+02  3.950E-02
 4.100E+02  2.963E-02
 8.803E+02  9.613E-02
 1.838E+03  3.458E-03
 7.453E+02  3.383E-02
 4.550E+02  6.135E-02
 7.862E+02  2.682E-02
 5.755E+02  4.827E-02
 4.519E+02  6.025E-02
 5.151E+02  3.680E-02
 7.637E+02  8.358E-03
 5.291E+02  2.564E-02
 8.185E+02  9.039E-03
 5.649E+02  4.912E-02
 5.071E+02  4.328E-02
 4.616E+02  3.481E-02
 6.246E+02  1.460E-02
 4.096E+02  1.676E-01
 6.069E+02  1.640E-02
 4.496E+02  9.118E-02
 3.577E+02  1.623E-01
 2.367E+03  3.717E-03
 1.199E+03  6.106E-03
 1.120E+03  6.050E-02
 7.429E+02  1.381E-02
 1.008E+03  2.822E-02
 5.293E+02  1.467E-01
 1.318E+03  1.066E-02
 6.586E+02  5.750E-02
 2.655E+02  5.943E-01
 9.446E+02  8.589E-03
 6.765E+02  2.892E-03
 2.594E+02  3.736E-01
 5.647E+02  2.202E-02
 6.813E+02  2.982E-02
 5.817E+02  1.764E-02
 5.427E+02  5.324E-01
 3.762E+02  2.440E-01
 4.937E+02  1.377E-02
 6.624E+02  2.906E-02
 6.972E+02  1.896E-02
 5.184E+02  3.820E-02
 4.896E+02  4.031E-02
 5.831E+02  4.280E-02
 9.773E+02  3.855E-02
 4.508E+02  2.643E-02
 1.217E+03  4.227E-02
 4.517E+02  7.842E-02
 5.617E+02  1.796E-02
 4.612E+02  1.355E-01
 1.045E+03  1.492E-02
 5.166E+02  1.003E-02
 7.226E+02  1.733E-02
 4.253E+02  6.473E-02
 6.632E+02  1.423E-02
 5.212E+02  1.838E-01
 1.374E+03  7.587E-03
 3.876E+02  7.413E-02
 5.798E+02  8.033E-02
 1.643E+03  1.306E-03
 5.611E+02  2.283E-01
 5.735E+02  1.050E-01
 8.079E+02  6.222E-02
 5.073E+02  2.021E-01
 4.216E+02  2.377E-01
 7.362E+02  2.766E-02
 7.653E+02  5.087E-02
 4.823E+02  8.376E-02
 5.810E+02  5.310E-02
 4.507E+02  1.816E-01
 3.973E+02  4.699E-02
 4.011E+02  1.569E-01
 8.106E+02  4.678E-02
 1.074E+03  2.052E-02
 9.671E+02  1.089E-02
 5.787E+02  2.488E-02
 3.159E+02  5.104E-01
 5.745E+02  3.406E-02
 4.955E+02  8.715E-02
 7.663E+02  7.126E-03
 5.108E+02  2.499E-02
 8.174E+02  1.351E-01
 5.289E+02  1.070E-01
 6.842E+02  8.419E-02
 5.403E+02  9.628E-02
 5.037E+02  5.513E-02
 6.543E+02  4.041E-02
 7.865E+02  8.493E-02
 3.194E+02  6.136E-01
 9.717E+02  3.846E-02
 7.255E+02  4.039E-02
 5.198E+02  3.203E-02
 7.978E+02  1.964E-02
 1.189E+03  1.123E-02
 6.366E+02  1.872E-02
 7.133E+02  1.621E-02
 4.861E+02  1.632E-01
 4.811E+02  1.928E-02
 7.534E+02  3.588E-03
 7.698E+02  4.037E-02
 4.694E+02  9.321E-02
 1.244E+03  1.366E-02
 4.515E+02  8.883E-02
 5.319E+02  5.069E-02
 9.271E+02  7.253E-03
 1.336E+03  1.494E-02
 4.495E+02  5.684E-02
 5.781E+02  2.685E-02
 5.104E+02  7.537E-02
 4.726E+02  2.478E-01
 7.019E+02  1.386E-01
 8.803E+02  2.501E-03
 4.957E+02  2.781E-02
 4.976E+02  2.413E-02
 7.475E+02  5.090E-02
 5.712E+02  3.083E-02
 5.162E+02  1.620E-02
 5.830E+02  4.023E-02
 6.825E+02  6.361E-03
 6.350E+02  1.200E-01
 7.057E+02  7.819E-02
 7.937E+02  2.304E-02
 4.633E+02  7.299E-02
 8.077E+02  2.154E-02
 5.900E+02  2.920E-02
 6.433E+02  2.101E-02
 4.002E+02  4.880E-02
 3.896E+02  2.740E-02
 1.142E+03  8.130E-03
 5.572E+02  2.776E-02
 8.469E+02  5.669E-03
 1.873E+03  1.375E-03
 4.755E+02  7.531E-02
 1.466E+03  2.418E-02
 1.134E+03  2.178E-02
 4.603E+02  1.312E-01
 5.857E+02  1.395E-01
 9.372E+02  2.885E-02
 1.318E+03  2.941E-03
 4.968E+02  2.108E-02
 7.615E+02  1.265E-01
 4.330E+02  7.026E-02
 2.205E+03  5.233E-03
 6.757E+02  2.258E-02
 4.737E+02  2.825E-01
 5.530E+02  9.204E-02
 6.954E+02  1.362E-02
 6.550E+02  2.821E-02
 5.998E+02  4.139E-02
 4.944E+02  7.707E-02
 5.842E+02  4.193E-02
 5.774E+02  4.079E-02
 8.780E+02  8.375E-02
 4.225E+02  1.274E-02
 6.389E+02  3.215E-02
 2.169E+03  1.366E-02
 8.539E+02  3.425E-02
 8.329E+02  1.153E-03
 7.997E+02  4.114E-02
 6.018E+02  3.710E-02
 6.474E+02  2.369E-02
 6.485E+02  2.869E-02
 8.949E+02  1.405E-02
 7.009E+02  3.346E-02
 1.425E+03  5.103E-03
 7.652E+02  2.689E-02
 4.789E+02  1.377E-01
 4.438E+02  2.156E-02
 7.599E+02  2.365E-02
 6.272E+02  1.476E-01
 2.242E+03  9.379E-02
 4.409E+02  1.071E-02
 3.608E+02  1.222E-01
 1.058E+03  2.252E-02
 5.757E+02  2.141E-02
 5.917E+02  1.388E-02
 4.388E+02  9.169E-02
 1.835E+03  3.247E-03
 4.277E+02  2.686E-02
 4.685E+02  4.664E-02
 3.752E+02  6.639E-01
 3.815E+02  6.958E-02
 3.826E+02  3.017E-02
 6.110E+02  1.580E-02
 6.335E+02  1.583E-02
 6.397E+02  4.496E-03
 6.292E+02  6.599E-02
 6.031E+02  3.562E-02
 8.555E+02  6.675E-02
 1.445E+03  6.142E-03
 7.816E+02  5.499E-02
 3.806E+02  9.145E-02
 6.538E+02  2.943E-02
 4.795E+02  7.026E-02
 5.213E+02  1.327E-02
 6.838E+02  2.283E-02
 5.088E+02  2.759E-02
 6.865E+02  1.713E-02
 4.792E+02  3.093E-03
 7.087E+02  2.273E-02
 8.819E+02  3.358E-02
 7.800E+02  1.724E-02
 7.403E+02  3.230E-03
 7.738E+02  1.620E-02
 8.868E+02  3.626E-02
 1.073E+03  3.378E-03
 1.072E+03  4.298E-02
 1.112E+03  9.414E-03
 8.895E+02  2.536E-02
 7.851E+02  1.274E-02
 5.656E+02  3.995E-02
 7.644E+02  3.738E-02
 5.029E+02  2.260E-02
 3.418E+02  6.996E-02
 8.738E+02  3.744E-03
 3.445E+02  5.899E-02
 4.054E+02  5.023E-02
 3.373E+02  3.639E-01
 5.945E+02  5.347E-02
 4.400E+02  5.251E-02
 7.439E+02  1.925E-02
 5.382E+02  6.197E-02
 5.808E+02  4.612E-02
 1.292E+03  1.434E-02
 5.696E+02  1.800E-02
 7.223E+02  3.706E-02
 5.899E+02  9.980E-02
 1.156E+03  2.170E-02
 7.649E+02  4.611E-02
 1.115E+03  1.898E-02
 7.444E+02  1.748E-02
 1.091E+03  4.536E-03
 5.976E+02  7.776E-02
 1.153E+03  6.455E-03
 3.530E+02  2.047E-02
 8.879E+02  2.632E-02
 3.762E+02  3.923E-01
 1.164E+03  2.931E-02
 1.049E+03  9.742E-02
 8.320E+02  3.217E-02
 6.362E+02  1.291E-02
 3.485E+02  2.787E-01
 1.268E+03  6.969E-03
 4.958E+02  3.953E-02
 1.287E+03  1.410E-03
 6.280E+02  7.435E-02
 7.383E+02  5.808E-02
 5.360E+02  9.898E-02
 1.034E+03  1.265E-02
 1.368E+03  4.426E-03
 5.672E+02  1.029E-02
 4.579E+02  8.822E-02
 1.891E+03  2.975E-02
 7.880E+02  2.946E-02
 4.726E+02  3.748E-02
 5.177E+02  2.079E-02
 4.024E+02  2.141E-02
 5.299E+02  1.374E-02
 4.340E+02  1.042E-01
 4.594E+02  3.368E-02
 6.436E+02  7.311E-02
 7.809E+02  1.422E-02
 3.283E+02  1.802E-02
 6.745E+02  2.968E-02
 4.374E+02  1.755E-01
 5.040E+02  6.919E-02
 6.298E+02  7.831E-02
 8.463E+02  1.177E-02
 8.658E+02  4.925E-02
 6.924E+02  2.339E-02
 2.369E+02  1.496E-01
 1.199E+03  2.031E-02
 7.550E+02  7.543E-02
 5.708E+02  2.579E-02
 4.398E+02  9.790E-02
 5.017E+02  2.711E-02
 5.008E+02  1.530E-02
 5.302E+02  3.854E-03
 8.259E+02  8.119E-02
 8.506E+02  5.485E-02
 6.946E+02  5.587E-03
 6.998E+02  1.785E-02
 5.284E+02  3.601E-02
 9.716E+02  1.146E-02
 1.879E+03  3.857E-03
 7.542E+02  2.913E-02
 5.558E+02  2.674E-02
 4.729E+02  7.054E-03
 8.993E+02  3.761E-02
 1.056E+03  1.208E-02
 5.297E+02  5.842E-02
 6.493E+02  2.917E-02
 1.551E+03  4.856E-03
 5.307E+02  3.854E-02
 6.146E+02  1.083E-01
 4.856E+02  1.139E-01
 1.222E+03  3.999E-03
 5.078E+02  9.142E-02
 1.701E+03  2.282E-02
 5.650E+02  1.907E-02
 1.197E+03  2.170E-02
 1.166E+03  2.806E-02
 8.278E+02  2.261E-02
 1.529E+03  1.513E-02
 8.374E+02  1.654E-02
 1.146E+03  1.291E-02
 7.358E+02  7.086E-03
 1.209E+03  1.458E-02
 4.119E+02  2.955E-02
 9.652E+02  1.083E-02
 4.868E+02  1.377E-02
 4.705E+02  2.661E-02
 5.639E+02  2.658E-02
 7.074E+02  6.345E-02
 9.493E+02  1.367E-02
 5.426E+02  1.146E-02
 7.565E+02  1.223E-02
 8.799E+02  1.839E-02
 4.873E+02  9.858E-02
 6.685E+02  4.700E-02
 5.916E+02  7.538E-02
 6.536E+02  9.620E-02
 3.709E+02  2.986E-01
 1.079E+03  4.636E-02
 4.092E+02  1.017E-01
 5.018E+02  2.942E-02
 5.767E+02  3.106E-02
 5.267E+02  1.322E-01
 1.128E+03  9.088E-03
 5.280E+02  8.738E-02
 3.513E+02  2.768E-02
 1.000E+03  2.671E-02
 1.434E+03  2.558E-02
 5.146E+02  5.870E-02
 6.548E+02  1.742E-02
 3.930E+02  5.814E-02
 5.506E+02  1.838E-02
 4.883E+02  1.241E-01
 3.372E+02  7.565E-02
 1.009E+03  2.370E-02
 4.333E+02  1.024E-01
 4.642E+02  6.205E-02
 8.825E+02  5.305E-02
 3.256E+02  2.111E-01
 6.508E+02  2.374E-02
 6.734E+02  3.708E-02
 7.720E+02  8.710E-03
 5.600E+02  2.951E-02
 3.855E+02  1.876E-01
 4.775E+02  7.937E-02
 5.234E+02  3.382E-02
 4.343E+02  3.895E-02
 1.011E+03  1.580E-02
 6.022E+02  5.274E-02
 6.853E+02  4.342E-02
 4.276E+02  1.148E-02
 7.380E+02  2.135E-02
 2.547E+02  5.283E-01
 4.887E+02  5.270E-02
 5.485E+02  2.418E-02
 7.071E+02  2.117E-02
 8.781E+02  4.906E-03
 5.811E+02  2.497E-02
 5.521E+02  2.771E-02
 4.639E+02  1.083E-01
 1.662E+03  5.096E-03
 4.897E+02  6.908E-02
 6.291E+02  4.962E-02
 9.504E+02  3.583E-02
 5.542E+02  2.808E-02
 5.862E+02  1.051E-02
 5.205E+02  3.870E-03
 7.763E+02  4.926E-02
 2.871E+02  3.830E-01
 3.611E+02  3.750E-02
 1.269E+03  3.280E-03
 5.181E+02  2.495E-02
 6.618E+02  4.438E-02
 1.114E+03  5.237E-03
 5.427E+02  1.312E-02
 6.199E+02  5.040E-02
 5.933E+02  1.467E-02
 5.440E+02  2.069E-02
 4.087E+02  6.582E-02
 7.215E+02  4.651E-02
 6.154E+02  6.353E-02
 6.922E+02  4.270E-02
 9.526E+02  1.018E-02
 4.394E+02  1.362E-01
 4.695E+02  2.838E-02
 9.589E+02  1.026E-02
 4.213E+02  3.581E-02
 1.502E+03  3.291E-03
 7.825E+02  1.665E-02
 6.742E+02  4.957E-02
 7.565E+02  2.968E-02
 2.470E+03  6.702E-03
 4.102E+02  4.341E-02
 5.269E+02  5.642E-02
 1.147E+03  1.376E-02
 4.363E+02  6.321E-02
 7.219E+02  2.426E-02
 4.556E+02  4.169E-02
 6.706E+02  2.179E-02
 6.119E+02  8.733E-03
 6.653E+02  1.680E-01
 4.130E+02  9.596E-02
 3.365E+02  1.013E-01
 5.960E+02  2.680E-02
 8.919E+02  6.770E-02
 5.902E+02  5.900E-02
 7.163E+02  2.955E-02
 5.888E+02  9.000E-03
 1.210E+03  4.309E-03
 6.808E+02  2.630E-02
 4.730E+02  1.042E-01
 5.913E+02  3.449E-03
 5.452E+02  7.327E-02
 4.403E+02  2.081E-01
 6.313E+02  5.011E-02
 3.621E+02  3.075E-01
 4.042E+02  1.301E-02
 1.203E+03  8.967E-03
 4.862E+02  1.742E-02
 6.307E+02  1.600E-02
 1.004E+03  2.528E-02
 4.302E+02  9.926E-02
 8.481E+02  4.440E-02
 5.573E+02  2.352E-01
 6.135E+02  4.312E-03
 6.182E+02  1.921E-02
 5.564E+02  1.175E-01
 6.555E+02  2.706E-02
 1.018E+03  2.524E-02
 2.981E+02  1.377E-02
 6.944E+02  1.108E-02
 6.371E+02  2.199E-02
 5.223E+02  1.111E-01
 5.900E+02  3.903E-02
 7.209E+02  2.781E-02
 7.084E+02  2.391E-02
 7.304E+02  1.837E-02
 6.511E+02  2.563E-02
 7.270E+02  1.853E-03
 8.689E+02  2.939E-02
 1.374E+03  9.361E-03
 6.416E+02  2.008E-02
 7.555E+02  9.244E-03
 4.613E+02  2.338E-01
 6.053E+02  5.015E-02
 4.159E+02  3.861E-02
 6.673E+02  1.479E-01
 6.006E+02  3.405E-02
 6.886E+02  7.793E-02
 1.465E+03  2.680E-02
 7.294E+02  4.658E-02
 8.925E+02  1.212E-01
 2.988E+02  2.505E-01
 1.678E+03  2.658E-03
 1.432E+03  5.946E-03
 4.571E+02  2.141E-02
 5.690E+02  1.292E-01
 5.836E+02  1.325E-02
 6.706E+02  4.172E-02
 5.742E+02  1.581E-01
 1.049E+03  1.588E-02
 5.641E+02  2.928E-02
 6.189E+02  6.696E-02
 8.409E+02  9.774E-03
 6.008E+02  1.968E-02
 6.639E+02  8.256E-02
 2.640E+03  5.266E-03
 1.150E+03  2.696E-02
 6.201E+02  1.274E-02
 8.354E+02  3.055E-02
 6.225E+02  3.177E-02
 6.377E+02  2.018E-02
 4.182E+02  5.265E-02
 9.558E+02  1.688E-02
 6.184E+02  8.306E-02
 1.132E+03  4.773E-03
 4.340E+02  1.107E-01
 6.778E+02  4.128E-02
 3.711E+02  3.230E-01
 4.719E+02  1.638E-01
 6.554E+02  1.538E-02
 4.942E+02  3.935E-02
 6.806E+02  3.278E-02
 4.134E+02  1.266E-01
 3.674E+02  2.166E-02
 4.483E+02  4.157E-02
 3.270E+02  2.513E-01
 4.087E+02  9.496E-02
 1.413E+03  1.795E-02
 8.780E+02  5.036E-03
 1.020E+03  1.821E-02
 4.678E+02  8.095E-02
 7.357E+02  3.276E-02
 3.187E+02  2.383E-01
 4.814E+02  5.842E-02
 9.869E+02  5.507E-02
 3.794E+02  2.001E-01
 1.700E+03  5.441E-04
 7.103E+02  7.909E-02
 9.977E+02  2.382E-02
 6.750E+02  8.408E-03
 8.865E+02  6.121E-03
 1.603E+03  1.360E-02
 4.818E+02  1.907E-02
 5.371E+02  1.925E-02
 7.924E+02  9.368E-02
 6.274E+02  2.443E-02
 1.031E+03  1.584E-02
 6.653E+02  5.318E-02
 4.510E+02  2.382E-02
 7.159E+02  2.519E-02
 5.909E+02  3.800E-02
 7.290E+02  5.263E-02
 7.435E+02  7.477E-02
 8.565E+02  8.483E-03
 6.684E+02  4.244E-02
 6.644E+02  2.677E-01
 9.336E+02  1.296E-02
 1.524E+03  7.139E-03
 7.436E+02  2.028E-03
 1.674E+03  4.109E-04
 7.538E+02  1.083E-02
 4.465E+02  5.322E-02
 5.104E+02  5.763E-02
 5.776E+02  8.318E-02
 6.350E+02  9.521E-02
 5.106E+02  3.231E-02
 5.665E+02  2.639E-01
 8.342E+02  1.778E-01
 1.296E+03  4.790E-02
 8.876E+02  1.829E-03
 4.691E+02  4.552E-02
 6.901E+02  3.228E-02
 1.136E+03  3.022E-02
 5.050E+02  1.891E-02
 9.417E+02  1.733E-01
 6.262E+02  5.432E-02
 7.766E+02  9.558E-02
 5.689E+02  1.068E-01
 6.403E+02  5.610E-03
 8.988E+02  1.229E-01
 7.590E+02  1.442E-02
 7.337E+02  4.327E-02
 4.250E+02  5.691E-02
 5.048E+02  4.113E-03
 1.211E+03  1.672E-03
 5.993E+02  1.925E-02
 4.805E+02  5.181E-02
 5.156E+02  1.389E-01
 7.284E+02  3.114E-03
 3.335E+02  2.525E-01
 5.117E+02  4.149E-02
 9.648E+02  1.250E-01
 2.957E+02  3.428E-01
 7.587E+02  8.060E-02
 2.634E+02  1.000E-02
 6.017E+02  5.236E-02
 8.982E+02  8.718E-02
 6.882E+02  5.792E-02
 1.461E+03  5.566E-03
 7.390E+02  1.799E-02
 9.733E+02  7.933E-03
 8.563E+02  1.461E-02
 9.705E+02  7.631E-02
 1.267E+03  1.938E-02
 8.145E+02  8.329E-03
 3.690E+02  8.288E-02
 8.052E+02  7.404E-02
 4.944E+02  9.075E-02
 4.323E+02  7.002E-02
 5.384E+02  9.244E-02
 3.940E+02  6.354E-02
 6.059E+02  5.488E-02
 4.950E+02  1.730E-02
 5.764E+02  2.592E-02
 1.127E+03  2.742E-02
 5.324E+02  6.957E-02
 1.012E+03  1.796E-02
 5.052E+02  4.865E-02
 1.082E+03  1.787E-02
 2.049E+03  6.334E-03
 3.288E+02  3.383E-01
 1.061E+03  1.085E-02
 7.182E+02  1.268E-01
 4.110E+02  2.464E-02
 6.813E+02  2.810E-02
 4.953E+02  3.751E-02
 6.637E+02  3.196E-02
 4.566E+02  6.397E-02
 6.203E+02  1.416E-02
 5.766E+02  2.237E-01
 5.571E+02  4.169E-02
 4.988E+02  4.819E-02
 5.025E+02  3.338E-02
 5.823E+02  1.461E-01
 1.120E+03  2.025E-02
 3.147E+02  2.458E-02
 1.123E+03  1.131E-02
 4.988E+02  8.887E-03
 4.511E+02  8.224E-02
 9.756E+02  2.438E-03
 7.895E+02  1.903E-02
 4.996E+02  2.908E-02
 5.384E+02  3.584E-02
 5.902E+02  3.090E-02
 5.588E+02  2.965E-02
 3.573E+02  9.350E-02
 1.034E+03  2.395E-03
 2.484E+03  7.853E-04
 6.111E+02  3.310E-02
 9.043E+02  5.255E-03
 5.054E+02  2.266E-02
 9.774E+02  2.768E-02
 4.766E+02  1.685E-02
 6.988E+02  4.514E-02
 4.529E+02  8.173E-03
 5.353E+02  1.142E-02
 6.556E+02  7.191E-02
 1.380E+03  9.486E-03
 6.402E+02  5.208E-03
 3.141E+02  3.432E-01
 4.607E+02  1.094E-02
 5.930E+02  5.945E-02
 1.234E+03  3.460E-03
 1.091E+03  2.785E-02
 5.205E+02  4.683E-02
 6.392E+02  1.972E-02
 1.309E+03  1.731E-03
 1.145E+03  3.927E-02
 3.923E+02  6.408E-02
 4.414E+02  6.921E-02
 7.265E+02  7.338E-03
 1.257E+03  1.381E-02
 5.539E+02  5.649E-02
 7.422E+02  1.937E-02
 6.336E+02  4.341E-02
 1.391E+03  6.740E-04
 3.170E+02  1.639E-01
 5.764E+02  5.160E-02
 3.713E+02  1.884E-02
 5.170E+02  9.584E-02
 9.167E+02  5.641E-02
 7.467E+02  3.795E-02
 9.576E+02  4.909E-03
 4.369E+02  4.169E-02
 6.736E+02  3.731E-02
 1.103E+03  2.263E-03
 3.028E+02  2.035E-01
 7.003E+02  6.752E-03
 5.576E+02  3.087E-01
 5.903E+02  3.905E-02
 7.819E+02  1.645E-02
 2.175E+03  6.880E-03
 5.071E+02  2.534E-02
 4.395E+02  1.546E-02
 1.025E+03  3.210E-02
 5.887E+02  5.622E-02
 6.823E+02  1.889E-02
 4.413E+02  2.426E-03
 5.442E+02  3.758E-02
 8.928E+02  5.208E-03
 6.739E+02  1.078E-01
 5.479E+02  4.686E-02
 4.178E+02  8.594E-02
 7.983E+02  4.598E-02
 7.752E+02  4.614E-02
 4.476E+02  1.060E-01
 6.976E+02  3.623E-02
 1.000E+03  1.126E-02
 6.951E+02  3.138E-02
 1.148E+03  7.869E-03
 6.320E+02  9.740E-02
 4.231E+02  3.865E-02
 7.083E+02  4.674E-02
 1.111E+03  2.868E-02
 8.493E+02  3.201E-02
 4.686E+02  8.385E-02
 7.294E+02  3.179E-02
 3.302E+02  6.647E-02
 5.739E+02  1.110E-01
 5.931E+02  8.153E-02
 4.852E+02  2.637E-02
 7.056E+02  6.300E-02
 6.770E+02  3.388E-02
 5.752E+02  3.089E-02
 4.627E+02  1.004E-02
 1.149E+03  1.073E-02
 4.462E+02  2.139E-02
 4.641E+02  1.631E-01
 8.668E+02  1.802E-03
 5.170E+02  2.966E-02
 1.344E+03  1.678E-02
 4.895E+02  3.381E-02
 6.889E+02  5.043E-02
 4.902E+02  1.747E-02
 7.107E+02  6.305E-03
 2.106E+03  3.295E-03
 8.196E+02  4.116E-03
 8.431E+02  5.120E-02
 1.024E+03  1.941E-02
 4.224E+02  6.218E-02
 6.202E+02  2.746E-03
 3.803E+02  7.982E-02
 4.139E+02  1.107E-01
 6.237E+02  3.465E-02
 2.724E+02  6.659E-01
 4.916E+02  4.238E-02
 4.822E+02  3.957E-02
 6.001E+02  3.029E-02
 5.748E+02  2.123E-02
 4.279E+02  1.201E-01
 6.614E+02  3.400E-02
 4.187E+02  5.431E-02
 5.643E+02  1.634E-02
 1.276E+03  1.446E-02
 4.958E+02  6.364E-02
 4.320E+02  5.928E-02
 7.349E+02  2.580E-02
 4.067E+02  7.695E-02
 7.097E+02  3.101E-02
 6.839E+02  5.152E-02
 6.008E+02  6.918E-02
 4.082E+02  4.658E-02
 3.969E+02  3.065E-01
 5.430E+02  1.064E-01
 5.270E+02  5.796E-02
 8.972E+02  2.311E-02
 6.270E+02  1.595E-02
 4.462E+02  7.308E-02
 7.426E+02  9.095E-03
 7.607E+02  7.923E-03
 1.105E+03  1.572E-02
 7.153E+02  2.368E-02
 6.199E+02  1.891E-02
 5.355E+02  2.656E-02
 5.204E+02  9.606E-02
 6.573E+02  2.074E-02
 4.183E+02  1.160E-01
 7.491E+02  4.053E-02
 5.181E+02  3.700E-02
 5.592E+02  2.184E-02
 5.307E+02  1.613E-01
 1.209E+03  1.178E-02
 3.304E+02  2.572E-01
 3.834E+02  3.514E-02
 5.918E+02  8.693E-02
 7.563E+02  3.803E-02
 7.886E+02  2.568E-02
 4.365E+02  9.595E-03
 7.043E+02  8.336E-03
 6.036E+02  2.612E-02
 5.871E+02  2.500E-03
 5.320E+02  5.736E-02
 1.265E+03  5.473E-03
 5.892E+02  5.155E-02
 9.763E+02  2.014E-03
 5.646E+02  2.911E-02
 5.191E+02  1.022E-01
 3.911E+02  2.933E-01
 4.771E+02  6.253E-02
 8.596E+02  2.273E-02
 6.542E+02  4.908E-02
 7.036E+02  8.552E-02
 5.274E+02  3.106E-02
 4.590E+02  3.681E-02
 1.560E+03  6.318E-03
 8.427E+02  1.808E-02
 5.331E+02  1.731E-01
 1.625E+03  2.753E-02
 9.570E+02  2.288E-01
 7.940E+02  3.440E-02
 4.179E+02  2.472E-01
 5.861E+02  2.266E-02
 1.249E+03  6.350E-03
 6.136E+02  1.601E-02
 1.355E+03  1.259E-02
 6.305E+02  1.407E-01
 1.389E+03  1.242E-02
 5.515E+02  2.519E-02
 1.092E+03  2.047E-02
 1.405E+03  7.725E-03
 6.615E+02  1.750E-02
 6.429E+02  9.569E-03
 1.216E+03  2.646E-02
 1.494E+03  9.613E-03
 5.590E+02  4.719E-02
 1.397E+03  5.873E-03
 1.191E+03  2.834E-02
 4.319E+02  6.962E-02
 4.035E+02  1.230E-01
 7.979E+02  2.120E-02
 7.862E+02  1.351E-01
 9.331E+02  1.738E-02
 6.403E+02  4.670E-02
 1.754E+03  7.005E-03
 4.726E+02  2.278E-02
 7.040E+02  7.255E-03
 8.985E+02  9.933E-03
 6.527E+02  3.806E-02
 4.517E+02  3.533E-02
 6.000E+02  2.230E-03
 6.382E+02  7.915E-02
 3.670E+02  3.238E-01
 6.214E+02  1.805E-02
 6.762E+02  5.644E-03
 7.480E+02  1.749E-02
 6.160E+02  9.004E-02
 5.216E+02  4.407E-02
 9.469E+02  3.934E-02
 3.802E+02  5.663E-02
 6.969E+02  1.411E-02
 1.259E+03  1.354E-02
 8.739E+02  7.680E-02
 6.562E+02  1.766E-02
 2.828E+02  1.140E-01
 1.059E+03  6.823E-02
 1.148E+03  2.557E-02
 1.174E+03  6.898E-03
 5.147E+02  2.770E-02
 6.579E+02  2.216E-02
 7.623E+02  3.629E-02
 5.621E+02  2.122E-01
 1.209E+03  7.290E-03
 3.871E+02  1.247E-01
 3.738E+02  1.526E-01
 1.228E+03  1.198E-02
 5.092E+02  6.881E-02
 3.840E+02  1.491E-01
 3.722E+02  4.926E-01
 6.604E+02  5.883E-02
 8.058E+02  2.406E-02
 4.402E+02  3.556E-01
 4.947E+02  5.022E-02
